                    G                    
-----------------------------------------------------------------
Temperature (K) | Practical G          
-----------------------------------------------------------------
100,00          | -11965,3181          
200,00          | -26459,6193          
298,00          | -41832,8596          
300,00          | -42154,9272          
400,00          | -58592,2077          
500,00          | -75572,1242          
600,00          | -92980,7821          
700,00          | -110744,0557         
800,00          | -128809,7183         
900,00          | -147139,1383         
1000,00         | -165702,0474         
1100,00         | -184474,6709         
1200,00         | -203437,5652         
1300,00         | -222574,5874         
1400,00         | -241872,1271         
1500,00         | -261318,5550         
1600,00         | -280903,8238         
1700,00         | -300619,1712         
1800,00         | -320456,8863         
1900,00         | -340410,1385         
2000,00         | -360472,8348         
2100,00         | -380640,5193         
2200,00         | -400906,4016         
2300,00         | -421266,8658         
2400,00         | -441717,8428         
2500,00         | -462255,6124         
2600,00         | -482876,7650         
2700,00         | -503578,1585         
2800,00         | -524356,9008         
2900,00         | -545210,3053         
3000,00         | -566135,8818         
3100,00         | -587131,3151         
3200,00         | -608194,4441         
3300,00         | -629323,2485         
3400,00         | -650515,8360         
3500,00         | -671770,4309         
3600,00         | -693085,3642         
3700,00         | -714459,0632         
3800,00         | -735890,0441         
3900,00         | -757376,9057         
4000,00         | -778918,3199         
4100,00         | -800513,0291         
4200,00         | -822159,8404         
4300,00         | -843857,6195         
4400,00         | -865605,2865         
4500,00         | -887401,8129         
4600,00         | -909246,2174         
4700,00         | -931137,5635         
4800,00         | -953074,9532         
4900,00         | -975057,5295         
5000,00         | -997084,4704         
5100,00         | -1019154,9882        
5200,00         | -1041268,3237        
5300,00         | -1063423,7490        
5400,00         | -1085620,5677        
5500,00         | -1107858,1012        
5600,00         | -1130135,6933        
5700,00         | -1152452,7324        
5800,00         | -1174808,6017        
5900,00         | -1197202,7143        
6000,00         | -1219634,5075        
6200,00         | -1264608,9491        
6400,00         | -1309727,7352        
6600,00         | -1354986,9096        
6800,00         | -1400382,7374        
7000,00         | -1445911,6695        
7200,00         | -1491570,3347        
7400,00         | -1537355,5101        
7600,00         | -1583264,1130        
7800,00         | -1629293,1987        
8000,00         | -1675439,8698        
8200,00         | -1721701,4135        
8400,00         | -1768075,1581        
8600,00         | -1814558,5130        
8800,00         | -1861148,9598        
9000,00         | -1907844,0385        
9200,00         | -1954641,3535        
9400,00         | -2001538,5475        
9600,00         | -2048533,3042        
9800,00         | -2095623,3503        
10000,00        | -2142806,4378        
-----------------------------------------------------------------
                    Cp                    
-----------------------------------------------------------------
Temperature (K) | Cp Result            | Practical Cp        
-----------------------------------------------------------------
100,00          | 23,7030              | 23,8536             
200,00          | 22,7340              | 18,3143             
298,00          | 21,9110              | 22,4257             
300,00          | 21,9010              | 31,1004             
400,00          | 21,4820              | 21,5713             
500,00          | 21,2570              | 21,3570             
600,00          | 21,1240              | 21,2221             
700,00          | 21,0400              | 21,1339             
800,00          | 20,9840              | 21,0573             
900,00          | 20,9440              | 20,9927             
1000,00         | 20,9150              | 20,9506             
1100,00         | 20,8930              | 20,9126             
1200,00         | 20,8770              | 20,8813             
1300,00         | 20,8640              | 20,8558             
1400,00         | 20,8530              | 20,8352             
1500,00         | 20,8450              | 20,8194             
1600,00         | 20,8380              | 20,8075             
1700,00         | 20,8330              | 20,7996             
1800,00         | 20,8290              | 20,7955             
1900,00         | 20,8260              | 20,8960             
2000,00         | 20,8260              | 20,8096             
2100,00         | 20,8270              | 20,7148             
2200,00         | 20,8300              | 20,8130             
2300,00         | 20,8350              | 20,8241             
2400,00         | 20,8410              | 20,8380             
2500,00         | 20,8510              | 20,8542             
2600,00         | 20,8620              | 20,8734             
2700,00         | 20,8770              | 20,8948             
2800,00         | 20,8940              | 20,9176             
2900,00         | 20,9140              | 20,9435             
3000,00         | 20,9370              | 20,9714             
3100,00         | 20,9630              | 21,0009             
3200,00         | 20,9910              | 21,0323             
3300,00         | 21,0220              | 21,0655             
3400,00         | 21,0560              | 21,1005             
3500,00         | 21,0920              | 21,1371             
3600,00         | 21,1300              | 21,1750             
3700,00         | 21,1700              | 21,2145             
3800,00         | 21,2130              | 21,2551             
3900,00         | 21,2570              | 21,2968             
4000,00         | 21,3020              | 21,3399             
4100,00         | 21,3490              | 21,3842             
4200,00         | 21,3970              | 21,4291             
4300,00         | 21,4450              | 21,4750             
4400,00         | 21,4950              | 21,5216             
4500,00         | 21,5450              | 21,5691             
4600,00         | 21,5960              | 21,6168             
4700,00         | 21,6470              | 21,6650             
4800,00         | 21,6970              | 21,7141             
4900,00         | 21,7480              | 21,7636             
5000,00         | 21,7990              | 21,8127             
5100,00         | 21,8490              | 21,8618             
5200,00         | 21,8990              | 21,9126             
5300,00         | 21,9490              | 21,9622             
5400,00         | 21,9970              | 22,0091             
5500,00         | 22,0450              | 22,0613             
5600,00         | 22,0930              | 22,1118             
5700,00         | 22,1390              | 22,1571             
5800,00         | 22,1840              | 22,2063             
5900,00         | 22,2290              | 27,7441             
6000,00         | 22,2730              | 26,0011             
6200,00         | 22,3560              | 22,4178             
6400,00         | 22,4360              | 22,5050             
6600,00         | 22,5100              | 22,5878             
6800,00         | 22,5810              | 22,6655             
7000,00         | 22,6460              | 22,7376             
7200,00         | 22,7070              | 22,8030             
7400,00         | 22,7630              | 22,8629             
7600,00         | 22,8140              | 22,9104             
7800,00         | 22,8610              | 22,9518             
8000,00         | 22,9040              | 22,9878             
8200,00         | 22,9430              | 23,0097             
8400,00         | 22,9720              | 23,0215             
8600,00         | 23,0090              | 23,0219             
8800,00         | 23,0360              | 23,0111             
9000,00         | 23,0610              | 22,9877             
9200,00         | 23,0820              | 22,9497             
9400,00         | 23,1000              | 22,8983             
9600,00         | 23,1150              | 22,8323             
9800,00         | 23,1270              | 31,0252             
10000,00        | 23,1370              | 27,2227             
-----------------------------------------------------------------
                    Phi                    
-----------------------------------------------------------------
Temperature (K) | Phi Result           | Practical Phi       
-----------------------------------------------------------------
100,00          | 113,7670             | 113,7674            
200,00          | 129,3480             | 129,3436            
298,00          | 138,3910             | 138,3885            
300,00          | 138,5310             | 138,5393            
400,00          | 144,9880             | 144,9923            
500,00          | 149,9500             | 149,9494            
600,00          | 153,9720             | 153,9687            
700,00          | 157,3500             | 157,3464            
800,00          | 160,2600             | 160,2576            
900,00          | 162,8160             | 162,8148            
1000,00         | 165,0940             | 165,0941            
1100,00         | 167,1490             | 167,1497            
1200,00         | 169,0190             | 169,0212            
1300,00         | 170,7360             | 170,7388            
1400,00         | 172,3220             | 172,3257            
1500,00         | 173,7960             | 173,8003            
1600,00         | 175,1730             | 175,1773            
1700,00         | 176,4700             | 176,4689            
1800,00         | 177,6940             | 177,6849            
1900,00         | 178,8560             | 178,8337            
2000,00         | 179,9180             | 179,9224            
2100,00         | 180,9530             | 180,9570            
2200,00         | 181,9390             | 181,9425            
2300,00         | 182,8800             | 182,8834            
2400,00         | 183,7800             | 183,7836            
2500,00         | 184,6530             | 184,6466            
2600,00         | 185,4730             | 185,4752            
2700,00         | 186,2700             | 186,2721            
2800,00         | 187,0380             | 187,0398            
2900,00         | 187,7790             | 187,7803            
3000,00         | 188,4940             | 188,4954            
3100,00         | 189,1860             | 189,1870            
3200,00         | 189,8560             | 189,8564            
3300,00         | 190,5050             | 190,5052            
3400,00         | 191,1340             | 191,1346            
3500,00         | 191,7460             | 191,7458            
3600,00         | 192,3400             | 192,3397            
3700,00         | 192,9170             | 192,9175            
3800,00         | 193,4800             | 193,4799            
3900,00         | 194,0280             | 194,0278            
4000,00         | 194,5620             | 194,5619            
4100,00         | 195,0830             | 195,0830            
4200,00         | 195,5920             | 195,5916            
4300,00         | 196,0880             | 196,0885            
4400,00         | 196,5740             | 196,5741            
4500,00         | 197,0490             | 197,0490            
4600,00         | 197,5140             | 197,5136            
4700,00         | 197,9680             | 197,9685            
4800,00         | 198,4140             | 198,4140            
4900,00         | 198,8510             | 198,8505            
5000,00         | 199,2790             | 199,2784            
5100,00         | 199,6980             | 199,6981            
5200,00         | 200,1100             | 200,1099            
5300,00         | 200,5140             | 200,5141            
5400,00         | 200,9110             | 200,9110            
5500,00         | 201,3010             | 201,3009            
5600,00         | 201,6840             | 201,6840            
5700,00         | 202,0610             | 202,0605            
5800,00         | 202,4310             | 202,4308            
5900,00         | 202,7950             | 202,7950            
6000,00         | 203,1540             | 203,1534            
6200,00         | 203,8540             | 203,8532            
6400,00         | 204,5330             | 204,5319            
6600,00         | 205,1920             | 205,1908            
6800,00         | 205,8320             | 205,8309            
7000,00         | 206,4540             | 206,4535            
7200,00         | 207,0600             | 207,0596            
7400,00         | 207,6500             | 207,6499            
7600,00         | 208,2260             | 208,2255            
7800,00         | 208,7870             | 208,7869            
8000,00         | 209,3350             | 209,3350            
8200,00         | 209,8700             | 209,8704            
8400,00         | 210,3930             | 210,3936            
8600,00         | 210,9040             | 210,9052            
8800,00         | 211,4040             | 211,4058            
9000,00         | 211,8940             | 211,8957            
9200,00         | 212,3740             | 212,3754            
9400,00         | 212,8440             | 212,8454            
9600,00         | 213,3120             | 213,3059            
9800,00         | 213,7560             | 213,7574            
10000,00        | 214,1980             | 214,2001            
-----------------------------------------------------------------
                    S                    
-----------------------------------------------------------------
Temperature (K) | S Result             | Practical S         
-----------------------------------------------------------------
100,00          | 135,8370             | 144,9430            
200,00          | 152,0430             | 156,8698            
298,00          | 160,9460             | 161,0338            
300,00          | 161,0840             | 164,3728            
400,00          | 167,3200             | 169,7992            
500,00          | 172,0870             | 174,0866            
600,00          | 175,9500             | 177,6327            
700,00          | 179,2000             | 180,6566            
800,00          | 182,0050             | 183,2942            
900,00          | 184,4740             | 185,6291            
1000,00         | 186,6790             | 187,7262            
1100,00         | 188,6720             | 189,6289            
1200,00         | 190,4890             | 191,3702            
1300,00         | 192,1600             | 192,9754            
1400,00         | 193,7120             | 194,4643            
1500,00         | 195,1620             | 195,8527            
1600,00         | 196,5220             | 197,1535            
1700,00         | 197,8120             | 198,3772            
1800,00         | 199,0370             | 199,5325            
1900,00         | 200,2070             | 200,6270            
2000,00         | 201,3180             | 201,6768            
2100,00         | 202,1530             | 202,6588            
2200,00         | 203,1220             | 203,6046            
2300,00         | 204,0480             | 204,5098            
2400,00         | 204,9350             | 205,3777            
2500,00         | 205,7860             | 206,2115            
2600,00         | 206,6040             | 207,0139            
2700,00         | 207,3920             | 207,7874            
2800,00         | 208,1510             | 208,5340            
2900,00         | 208,8850             | 209,2558            
3000,00         | 209,5940             | 209,9543            
3100,00         | 210,2810             | 210,6313            
3200,00         | 210,9470             | 211,2880            
3300,00         | 211,5930             | 211,9259            
3400,00         | 212,2210             | 212,5459            
3500,00         | 212,8320             | 213,1493            
3600,00         | 213,4270             | 213,7370            
3700,00         | 214,0070             | 214,3098            
3800,00         | 214,5720             | 214,8686            
3900,00         | 215,1230             | 215,4141            
4000,00         | 215,6620             | 215,9471            
4100,00         | 216,1890             | 216,4681            
4200,00         | 216,7040             | 216,9778            
4300,00         | 217,2080             | 217,4767            
4400,00         | 217,7010             | 217,9653            
4500,00         | 218,1850             | 218,4440            
4600,00         | 218,6590             | 218,9135            
4700,00         | 219,1230             | 219,3739            
4800,00         | 219,5800             | 219,8258            
4900,00         | 220,0280             | 220,2694            
5000,00         | 220,4680             | 220,7052            
5100,00         | 220,9000             | 221,1334            
5200,00         | 221,3250             | 221,5543            
5300,00         | 221,7440             | 221,9682            
5400,00         | 222,1530             | 222,3753            
5500,00         | 222,5570             | 222,7759            
5600,00         | 222,9570             | 223,1704            
5700,00         | 223,3460             | 223,5587            
5800,00         | 223,7320             | 223,9411            
5900,00         | 224,1120             | 224,3179            
6000,00         | 224,4850             | 224,8722            
6200,00         | 225,2170             | 225,5939            
6400,00         | 225,9280             | 226,2959            
6600,00         | 226,6200             | 226,9791            
6800,00         | 227,2930             | 227,6447            
7000,00         | 227,9500             | 228,2933            
7200,00         | 228,5870             | 228,9259            
7400,00         | 229,2180             | 229,5430            
7600,00         | 229,8180             | 230,1454            
7800,00         | 230,4110             | 230,7334            
8000,00         | 230,9900             | 231,3077            
8200,00         | 231,5560             | 231,8687            
8400,00         | 232,1160             | 232,4168            
8600,00         | 232,6510             | 232,9522            
8800,00         | 233,1650             | 233,4754            
9000,00         | 233,6980             | 233,9866            
9200,00         | 234,2050             | 234,4860            
9400,00         | 234,7020             | 234,9738            
9600,00         | 235,1880             | 235,4502            
9800,00         | 235,6650             | 235,9154            
10000,00        | 236,1320             | 236,7005            
-----------------------------------------------------------------
                    H                    
-----------------------------------------------------------------
Temperature (K) | H Result             | Practical H         
-----------------------------------------------------------------
100,00          | 2,2070               | 2,5290              
200,00          | 4,5390               | 4,9143              
298,00          | 6,7280               | 6,1552              
300,00          | 6,7660               | 7,1569              
400,00          | 8,9330               | 9,3275              
500,00          | 11,0690              | 11,4712             
600,00          | 13,1660              | 13,5989             
700,00          | 15,2370              | 15,7156             
800,00          | 17,2840              | 17,8256             
900,00          | 19,4920              | 19,9270             
1000,00         | 21,5850              | 22,0242             
1100,00         | 23,6580              | 24,1172             
1200,00         | 25,7130              | 26,2067             
1300,00         | 27,7500              | 28,2934             
1400,00         | 29,7710              | 30,3779             
1500,00         | 31,7760              | 32,4605             
1600,00         | 33,7650              | 34,5417             
1700,00         | 35,7400              | 36,6220             
1800,00         | 37,7000              | 38,7017             
1900,00         | 39,6470              | 40,7811             
2000,00         | 41,5830              | 42,8809             
2100,00         | 44,5210              | 44,9430             
2200,00         | 46,6040              | 47,0238             
2300,00         | 48,6870              | 49,1056             
2400,00         | 50,7710              | 51,1886             
2500,00         | 52,8550              | 53,2732             
2600,00         | 54,9410              | 55,3595             
2700,00         | 57,0260              | 57,4479             
2800,00         | 59,1160              | 59,5384             
2900,00         | 61,2070              | 61,6314             
3000,00         | 63,2990              | 63,7271             
3100,00         | 65,3940              | 65,8257             
3200,00         | 67,4920              | 67,9273             
3300,00         | 69,5930              | 70,0321             
3400,00         | 71,6970              | 72,1404             
3500,00         | 73,8040              | 74,2522             
3600,00         | 75,9150              | 76,3678             
3700,00         | 78,0300              | 78,4872             
3800,00         | 80,1490              | 80,6107             
3900,00         | 82,2730              | 82,7383             
4000,00         | 84,4010              | 84,8700             
4100,00         | 86,5330              | 87,0062             
4200,00         | 88,6700              | 89,1469             
4300,00         | 90,8120              | 91,2921             
4400,00         | 92,9590              | 93,4419             
4500,00         | 95,1110              | 95,5964             
4600,00         | 97,2680              | 97,7557             
4700,00         | 99,4310              | 99,9198             
4800,00         | 101,5980             | 102,0887            
4900,00         | 103,7700             | 104,2626            
5000,00         | 105,9470             | 106,4414            
5100,00         | 108,1300             | 108,6251            
5200,00         | 110,3170             | 110,8138            
5300,00         | 112,5080             | 113,0076            
5400,00         | 114,7070             | 115,2062            
5500,00         | 116,9100             | 117,4095            
5600,00         | 119,1110             | 119,6185            
5700,00         | 121,3260             | 121,8318            
5800,00         | 123,5440             | 124,0499            
5900,00         | 125,7640             | 126,2731            
6000,00         | 127,9900             | 129,5987            
6200,00         | 132,4520             | 134,0734            
6400,00         | 136,9320             | 138,5658            
6600,00         | 141,4260             | 143,0754            
6800,00         | 145,9360             | 147,6010            
7000,00         | 150,4580             | 152,1416            
7200,00         | 154,9940             | 156,6960            
7400,00         | 159,5410             | 161,2628            
7600,00         | 164,0990             | 165,8411            
7800,00         | 168,6830             | 170,4270            
8000,00         | 173,2460             | 175,0219            
8200,00         | 177,8270             | 179,6221            
8400,00         | 182,4190             | 184,2257            
8600,00         | 187,0180             | 188,8307            
8800,00         | 191,6230             | 193,4345            
9000,00         | 196,2300             | 198,0351            
9200,00         | 200,8450             | 202,6296            
9400,00         | 205,4650             | 207,2150            
9600,00         | 210,0860             | 211,7889            
9800,00         | 214,7110             | 216,3479            
10000,00        | 219,3370             | 224,1990            
-----------------------------------------------------------------
