                    G                    
-----------------------------------------------------------------
Temperature (K) | Practical G          
-----------------------------------------------------------------
100,00          | -11827,5198          
200,00          | -28136,0291          
298,15          | -45502,1968          
300,00          | -45840,1026          
400,00          | -64584,0240          
500,00          | -84125,2913          
600,00          | -104307,8728         
700,00          | -125025,1033         
800,00          | -146199,8793         
900,00          | -167774,2265         
1000,00         | -189703,2358         
1100,00         | -211951,0058         
1200,00         | -234488,3461         
1300,00         | -257291,0939         
1400,00         | -280338,9721         
1500,00         | -303614,7640         
1600,00         | -327103,6904         
1700,00         | -350792,9553         
1800,00         | -374671,3927         
1900,00         | -398729,1887         
2000,00         | -422957,6674         
2100,00         | -447349,1886         
2200,00         | -471896,7750         
2300,00         | -496594,2387         
2400,00         | -521436,0062         
2500,00         | -546417,0217         
2600,00         | -571532,6990         
2700,00         | -596778,8463         
2800,00         | -622151,6333         
2900,00         | -647647,3529         
3000,00         | -673266,4190         
3100,00         | -698999,3900         
3200,00         | -724846,4969         
3300,00         | -750805,1666         
3400,00         | -776872,9300         
3500,00         | -803047,7667         
3600,00         | -829326,3603         
3700,00         | -855708,9107         
3800,00         | -882193,2684         
3900,00         | -908775,9723         
4000,00         | -935456,2603         
4100,00         | -962232,5280         
4200,00         | -989103,3499         
4300,00         | -1016067,2374        
4400,00         | -1043122,7443        
4500,00         | -1070268,6267        
4600,00         | -1097503,5884        
4700,00         | -1124826,4066        
4800,00         | -1152235,8698        
4900,00         | -1179730,7921        
5000,00         | -1207314,0382        
5100,00         | -1234972,5626        
5200,00         | -1262717,1987        
5300,00         | -1290542,9036        
5400,00         | -1318448,6226        
5500,00         | -1346433,3158        
5600,00         | -1374495,9504        
5700,00         | -1402635,5057        
5800,00         | -1430850,9644        
5900,00         | -1459141,3152        
6000,00         | -1487505,5492        
6200,00         | -1544451,6264        
6400,00         | -1601681,1010        
6600,00         | -1659185,8138        
6800,00         | -1716957,5047        
7000,00         | -1774987,7472        
7200,00         | -1833267,9824        
7400,00         | -1891789,4093        
7600,00         | -1950543,0241        
7800,00         | -2009519,4900        
8000,00         | -2068709,3395        
8200,00         | -2128102,7021        
8400,00         | -2187689,4691        
8600,00         | -2247459,2138        
8800,00         | -2307400,7278        
9000,00         | -2367503,8972        
9200,00         | -2427755,3024        
9400,00         | -2488145,3783        
9600,00         | -2548660,0379        
9800,00         | -2609288,1234        
10000,00        | -2670012,9861        
-----------------------------------------------------------------
                    Cp                    
-----------------------------------------------------------------
Temperature (K) | Cp Result            | Practical Cp        
-----------------------------------------------------------------
100,00          | 31,6280              | 27,6998             
200,00          | 30,5150              | 22,5811             
298,15          | 29,8860              | 31,4070             
300,00          | 29,8640              | 45,4159             
400,00          | 29,6040              | 31,9798             
500,00          | 29,4940              | 32,0723             
600,00          | 29,6190              | 32,0536             
700,00          | 29,6510              | 31,9969             
800,00          | 29,6550              | 31,9426             
900,00          | 30,2650              | 31,8978             
1000,00         | 30,6250              | 31,8644             
1100,00         | 31,1530              | 31,8508             
1200,00         | 31,5690              | 31,8579             
1300,00         | 32,0690              | 31,8874             
1400,00         | 32,5720              | 31,9390             
1500,00         | 33,1030              | 32,0122             
1600,00         | 33,6790              | 32,1067             
1700,00         | 34,1140              | 32,2219             
1800,00         | 34,5420              | 32,3571             
1900,00         | 34,9660              | 32,5191             
2000,00         | 35,3840              | 32,6911             
2100,00         | 35,9340              | 32,8733             
2200,00         | 35,3540              | 33,0814             
2300,00         | 36,2800              | 33,3047             
2400,00         | 35,8330              | 33,5425             
2500,00         | 36,1810              | 33,7938             
2600,00         | 36,2750              | 34,0575             
2700,00         | 36,6230              | 34,3069             
2800,00         | 36,8560              | 35,0958             
2900,00         | 36,8580              | 34,9710             
3000,00         | 37,0360              | 34,7768             
3100,00         | 37,2060              | 35,5411             
3200,00         | 37,3710              | 35,8505             
3300,00         | 37,5300              | 36,2029             
3400,00         | 37,6850              | 36,3599             
3500,00         | 37,8350              | 36,8697             
3600,00         | 37,9820              | 37,5466             
3700,00         | 38,1250              | 37,5201             
3800,00         | 38,2650              | 37,7147             
3900,00         | 38,4060              | 38,2248             
4000,00         | 38,5530              | 38,5796             
4100,00         | 38,6660              | 38,9274             
4200,00         | 38,7930              | 39,2419             
4300,00         | 38,9400              | 39,5808             
4400,00         | 39,0980              | 39,9255             
4500,00         | 39,2540              | 40,2498             
4600,00         | 39,4080              | 40,5686             
4700,00         | 39,5690              | 40,8717             
4800,00         | 39,7330              | 42,1495             
4900,00         | 39,8920              | 40,4589             
5000,00         | 39,0670              | 40,7780             
5100,00         | 39,7660              | 43,0364             
5200,00         | 39,8500              | 42,2816             
5300,00         | 39,9270              | 42,5268             
5400,00         | 39,9990              | 42,7569             
5500,00         | 40,0630              | 42,9717             
5600,00         | 40,1210              | 43,1703             
5700,00         | 40,1720              | 43,3512             
5800,00         | 40,2160              | 43,5143             
5900,00         | 40,2520              | 54,4369             
6000,00         | 40,2800              | 51,0453             
6200,00         | 40,3150              | 43,9824             
6400,00         | 40,3190              | 44,0447             
6600,00         | 40,2920              | 44,0026             
6800,00         | 40,2340              | 43,8512             
7000,00         | 40,1480              | 43,5816             
7200,00         | 40,0390              | 43,1846             
7400,00         | 39,8920              | 42,6482             
7600,00         | 39,7330              | 41,9757             
7800,00         | 39,5390              | 41,1562             
8000,00         | 39,3290              | 40,1753             
8200,00         | 39,1010              | 39,0366             
8400,00         | 38,8560              | 37,6779             
8600,00         | 38,6020              | 36,2473             
8800,00         | 38,3340              | 34,4586             
9000,00         | 38,0500              | 32,6237             
9200,00         | 37,7520              | 30,5857             
9400,00         | 37,4540              | 28,2497             
9600,00         | 37,1460              | 25,4663             
9800,00         | 36,8310              | 29,3350             
10000,00        | 36,5310              | 19,3989             
-----------------------------------------------------------------
                    Phi                    
-----------------------------------------------------------------
Temperature (K) | Phi Result           | Practical Phi       
-----------------------------------------------------------------
100,00          | 122,5390             | 122,4850            
200,00          | 142,3120             | 142,7695            
298,15          | 154,0680             | 154,0067            
300,00          | 154,4310             | 154,1832            
400,00          | 162,7640             | 162,4898            
500,00          | 169,3680             | 169,0685            
600,00          | 174,7610             | 174,5232            
700,00          | 179,3200             | 179,1830            
800,00          | 183,2420             | 183,2499            
900,00          | 186,7570             | 186,8570            
1000,00         | 189,8870             | 190,0972            
1100,00         | 192,7260             | 193,0381            
1200,00         | 195,3370             | 195,7301            
1300,00         | 197,7690             | 198,2121            
1400,00         | 200,0580             | 200,5146            
1500,00         | 202,2230             | 202,6620            
1600,00         | 204,2850             | 204,6742            
1700,00         | 206,2600             | 206,5675            
1800,00         | 208,1610             | 208,3555            
1900,00         | 209,9970             | 210,0497            
2000,00         | 211,7670             | 211,6598            
2100,00         | 213,3960             | 213,1942            
2200,00         | 215,1960             | 214,6600            
2300,00         | 216,7040             | 216,0636            
2400,00         | 218,1200             | 217,4103            
2500,00         | 219,8560             | 218,7049            
2600,00         | 221,1350             | 219,9517            
2700,00         | 222,2690             | 221,1545            
2800,00         | 223,3970             | 222,3167            
2900,00         | 223,9340             | 223,4411            
3000,00         | 223,9370             | 224,5305            
3100,00         | 225,0170             | 225,5874            
3200,00         | 226,0670             | 226,6138            
3300,00         | 226,0890             | 227,6118            
3400,00         | 227,0540             | 228,5833            
3500,00         | 229,0040             | 229,5298            
3600,00         | 230,0040             | 230,4528            
3700,00         | 230,9820             | 231,3537            
3800,00         | 231,8260             | 232,2337            
3900,00         | 232,6490             | 233,0941            
4000,00         | 233,5690             | 233,9359            
4100,00         | 234,4130             | 234,7600            
4200,00         | 235,2390             | 235,5674            
4300,00         | 236,0790             | 236,3588            
4400,00         | 236,8400             | 237,1351            
4500,00         | 238,6450             | 237,8970            
4600,00         | 239,9500             | 238,6451            
4700,00         | 240,9800             | 239,3801            
4800,00         | 241,6490             | 240,1025            
4900,00         | 241,8220             | 240,8128            
5000,00         | 241,9880             | 241,5116            
5100,00         | 241,9880             | 242,1994            
5200,00         | 242,6730             | 242,8764            
5300,00         | 243,3460             | 243,5432            
5400,00         | 244,0080             | 244,2002            
5500,00         | 244,6590             | 244,8475            
5600,00         | 245,3010             | 245,4857            
5700,00         | 245,9320             | 246,1150            
5800,00         | 246,5540             | 246,7357            
5900,00         | 247,1660             | 247,3480            
6000,00         | 247,7690             | 247,9523            
6200,00         | 248,9500             | 249,1374            
6400,00         | 250,0970             | 250,2927            
6600,00         | 251,2140             | 251,4197            
6800,00         | 252,3010             | 252,5196            
7000,00         | 253,3580             | 253,5937            
7200,00         | 254,3870             | 254,6427            
7400,00         | 255,3850             | 255,6677            
7600,00         | 256,3550             | 256,6693            
7800,00         | 257,3330             | 257,6481            
8000,00         | 258,3680             | 258,6047            
8200,00         | 259,1810             | 259,5394            
8400,00         | 260,0330             | 260,4526            
8600,00         | 261,8000             | 261,3446            
8800,00         | 263,0220             | 262,2156            
9000,00         | 263,4510             | 263,0659            
9200,00         | 264,5160             | 263,8953            
9400,00         | 265,2450             | 264,7041            
9600,00         | 265,8650             | 265,4923            
9800,00         | 266,5510             | 266,2598            
10000,00        | 266,5510             | 267,0065            
-----------------------------------------------------------------
                    S                    
-----------------------------------------------------------------
Temperature (K) | S Result             | Practical S         
-----------------------------------------------------------------
100,00          | 149,9780             | 163,0851            
200,00          | 171,5790             | 176,9350            
298,15          | 183,6820             | 182,6518            
300,00          | 184,0460             | 187,4392            
400,00          | 192,3510             | 195,4127            
500,00          | 198,9570             | 201,8258            
600,00          | 204,3470             | 207,1723            
700,00          | 208,8930             | 211,7478            
800,00          | 212,8150             | 215,7435            
900,00          | 216,1610             | 219,2901            
1000,00         | 219,6210             | 222,4777            
1100,00         | 222,5660             | 225,3734            
1200,00         | 225,1870             | 228,0275            
1300,00         | 227,4820             | 230,4788            
1400,00         | 229,5540             | 232,7579            
1500,00         | 231,4210             | 234,8893            
1600,00         | 233,1080             | 236,8926            
1700,00         | 234,6380             | 238,7844            
1800,00         | 236,0140             | 240,5780            
1900,00         | 237,2480             | 242,2848            
2000,00         | 238,3440             | 243,9152            
2100,00         | 239,2940             | 245,4759            
2200,00         | 240,5580             | 246,9746            
2300,00         | 245,1460             | 248,4177            
2400,00         | 246,6760             | 249,8102            
2500,00         | 248,5760             | 251,1568            
2600,00         | 251,5520             | 252,4615            
2700,00         | 252,4760             | 253,7279            
2800,00         | 255,5650             | 254,9572            
2900,00         | 255,5650             | 256,1907            
3000,00         | 256,8080             | 257,3297            
3100,00         | 258,0250             | 258,4711            
3200,00         | 259,0900             | 259,5867            
3300,00         | 260,3610             | 260,6776            
3400,00         | 261,5460             | 261,7484            
3500,00         | 262,8460             | 262,7859            
3600,00         | 263,8460             | 263,8255            
3700,00         | 265,3400             | 264,8436            
3800,00         | 266,7070             | 265,8270            
3900,00         | 268,0700             | 266,8029            
4000,00         | 269,5630             | 267,7627            
4100,00         | 268,6300             | 268,7082            
4200,00         | 269,5630             | 269,6389            
4300,00         | 271,3740             | 270,5551            
4400,00         | 271,3740             | 271,4588            
4500,00         | 274,1160             | 272,3496            
4600,00         | 274,1160             | 273,2282            
4700,00         | 276,0500             | 274,0946            
4800,00         | 276,9660             | 274,9492            
4900,00         | 276,5660             | 275,8325            
5000,00         | 277,1920             | 276,5852            
5100,00         | 277,1920             | 277,4464            
5200,00         | 277,9650             | 278,2570            
5300,00         | 278,7250             | 279,0572            
5400,00         | 279,4720             | 279,8469            
5500,00         | 280,2070             | 280,6263            
5600,00         | 280,9990             | 281,3956            
5700,00         | 281,6400             | 282,1546            
5800,00         | 282,3390             | 282,9035            
5900,00         | 283,0270             | 283,6423            
6000,00         | 283,7040             | 284,7304            
6200,00         | 285,0250             | 286,1474            
6400,00         | 286,3050             | 287,5236            
6600,00         | 287,5450             | 288,8585            
6800,00         | 288,7540             | 290,1512            
7000,00         | 289,9420             | 291,4012            
7200,00         | 291,0420             | 292,6071            
7400,00         | 292,1320             | 293,7681            
7600,00         | 293,1990             | 294,8823            
7800,00         | 294,2220             | 295,9492            
8000,00         | 295,2270             | 296,9668            
8200,00         | 296,1950             | 297,9338            
8400,00         | 297,1540             | 298,8487            
8600,00         | 298,0900             | 299,7076            
8800,00         | 299,0110             | 300,5158            
9000,00         | 299,9030             | 301,2570            
9200,00         | 300,6270             | 301,9504            
9400,00         | 301,4220             | 302,5733            
9600,00         | 302,1540             | 303,1404            
9800,00         | 302,9150             | 303,6243            
10000,00        | 303,7190             | 304,3235            
-----------------------------------------------------------------
                    H                    
-----------------------------------------------------------------
Temperature (K) | H Result             | Practical H         
-----------------------------------------------------------------
100,00          | 2,7440               | 4,4810              
200,00          | 5,8530               | 7,2510              
298,15          | 8,8130               | 8,9554              
300,00          | 8,8750               | 10,3917             
400,00          | 11,8150              | 13,5810             
500,00          | 14,7510              | 16,7876             
600,00          | 17,6890              | 19,9955             
700,00          | 20,7010              | 23,1983             
800,00          | 23,7110              | 26,3949             
900,00          | 26,6870              | 29,5869             
1000,00         | 29,7340              | 32,7745             
1100,00         | 32,8250              | 35,9597             
1200,00         | 35,9560              | 39,1446             
1300,00         | 39,1150              | 42,3313             
1400,00         | 42,2940              | 45,5221             
1500,00         | 45,4930              | 48,7191             
1600,00         | 48,7080              | 51,9245             
1700,00         | 51,9370              | 55,1405             
1800,00         | 55,1790              | 58,3689             
1900,00         | 58,4320              | 61,6119             
2000,00         | 61,6960              | 64,8728             
2100,00         | 65,0450              | 68,1501             
2200,00         | 68,3960              | 71,4474             
2300,00         | 71,7510              | 74,7664             
2400,00         | 75,1180              | 78,1084             
2500,00         | 78,4940              | 81,4749             
2600,00         | 81,8840              | 84,8671             
2700,00         | 85,2830              | 88,2864             
2800,00         | 88,6910              | 91,7285             
2900,00         | 91,9170              | 95,3056             
3000,00         | 98,6120              | 98,7227             
3100,00         | 102,3240             | 102,2609            
3200,00         | 106,0530             | 105,8309            
3300,00         | 109,7980             | 109,4310            
3400,00         | 113,4860             | 113,0715            
3500,00         | 117,3350             | 116,7030            
3600,00         | 120,1260             | 120,4455            
3700,00         | 124,0290             | 124,2123            
3800,00         | 128,7510             | 127,9495            
3900,00         | 132,5850             | 131,7553            
4000,00         | 136,4310             | 135,5944            
4100,00         | 140,2640             | 139,4712            
4200,00         | 144,1640             | 143,3799            
4300,00         | 148,0810             | 147,3196            
4400,00         | 151,9480             | 151,2961            
4500,00         | 155,8470             | 155,3047            
4600,00         | 159,7600             | 159,3460            
4700,00         | 163,7000             | 163,4184            
4800,00         | 167,6540             | 167,5204            
4900,00         | 171,6010             | 171,8483            
5000,00         | 179,5420             | 175,6122            
5100,00         | 179,5420             | 180,0039            
5200,00         | 183,5230             | 184,2195            
5300,00         | 187,5120             | 188,4602            
5400,00         | 191,5080             | 192,7248            
5500,00         | 195,5120             | 197,0116            
5600,00         | 199,5210             | 201,3191            
5700,00         | 203,5360             | 205,6456            
5800,00         | 207,5550             | 209,9894            
5900,00         | 211,5780             | 214,3485            
6000,00         | 215,6050             | 220,8768            
6200,00         | 223,6650             | 229,6621            
6400,00         | 231,7290             | 238,4697            
6600,00         | 239,7910             | 247,2800            
6800,00         | 247,8500             | 256,0707            
7000,00         | 255,8820             | 264,8205            
7200,00         | 263,9060             | 273,5034            
7400,00         | 271,9040             | 282,0943            
7600,00         | 279,8860             | 290,5627            
7800,00         | 287,7830             | 298,8846            
8000,00         | 295,6700             | 307,0252            
8200,00         | 303,5130             | 314,9547            
8400,00         | 311,3500             | 322,6398            
8600,00         | 319,2270             | 330,0259            
8800,00         | 326,7480             | 337,1387            
9000,00         | 334,9640             | 343,8093            
9200,00         | 341,9840             | 350,1882            
9400,00         | 350,1460             | 356,0436            
9600,00         | 357,6500             | 361,4881            
9800,00         | 366,0180             | 366,2301            
10000,00        | 371,6820             | 373,2221            
-----------------------------------------------------------------
