                    G                    
-----------------------------------------------------------------
Temperature (K) | Practical G          
-----------------------------------------------------------------
100,00          | -13926,2004          
200,00          | -32398,4323          
298,15          | -51951,0745          
300,00          | -52330,0121          
400,00          | -73281,5287          
500,00          | -95016,5127          
600,00          | -117390,2495         
700,00          | -140305,2866         
800,00          | -163691,5231         
900,00          | -187496,0710         
1000,00         | -211677,5662         
1100,00         | -236202,7365         
1200,00         | -261044,2050         
1300,00         | -286179,0286         
1400,00         | -311587,6785         
1500,00         | -337253,3120         
1600,00         | -363161,2358         
1700,00         | -389298,5118         
1800,00         | -415653,6427         
1900,00         | -442216,3381         
2000,00         | -468977,3230         
2100,00         | -495928,1900         
2200,00         | -523061,2741         
2300,00         | -550369,5517         
2400,00         | -577846,5628         
2500,00         | -605486,3385         
2600,00         | -633283,3427         
2700,00         | -661232,4258         
2800,00         | -689328,7800         
2900,00         | -717567,9064         
3000,00         | -745945,5829         
3100,00         | -774457,8353         
3200,00         | -803100,9193         
3300,00         | -831871,2937         
3400,00         | -860765,6082         
3500,00         | -889780,6848         
3600,00         | -918913,5035         
3700,00         | -948161,1914         
3800,00         | -977521,0087         
3900,00         | -1006990,3441        
4000,00         | -1036566,7004        
4100,00         | -1066247,6887        
4200,00         | -1096031,0234        
4300,00         | -1125914,5102        
4400,00         | -1155896,0464        
4500,00         | -1185973,6107        
4600,00         | -1216145,2598        
4700,00         | -1246409,1275        
4800,00         | -1276763,4119        
4900,00         | -1307206,3812        
5000,00         | -1337736,3651        
5100,00         | -1368351,7525        
5200,00         | -1399050,9866        
5300,00         | -1429832,5672        
5400,00         | -1460695,0442        
5500,00         | -1491637,0146        
5600,00         | -1522657,1255        
5700,00         | -1553754,0642        
5800,00         | -1584926,5645        
5900,00         | -1616173,4002        
6000,00         | -1647493,3838        
6200,00         | -1710348,2326        
6400,00         | -1773482,3505        
6600,00         | -1836887,5166        
6800,00         | -1900556,0222        
7000,00         | -1964480,6326        
7200,00         | -2028654,5641        
7400,00         | -2093071,4556        
7600,00         | -2157725,3498        
7800,00         | -2222610,6694        
8000,00         | -2287722,2036        
8200,00         | -2353055,0866        
8400,00         | -2418604,7907        
8600,00         | -2484367,1063        
8800,00         | -2550338,1351        
9000,00         | -2616514,2731        
9200,00         | -2682892,2099        
9400,00         | -2749468,9110        
9600,00         | -2816241,6145        
9800,00         | -2883207,8222        
10000,00        | -2950365,2910        
-----------------------------------------------------------------
                    Cp                    
-----------------------------------------------------------------
Temperature (K) | Cp Result            | Practical Cp        
-----------------------------------------------------------------
100,00          | 28,1550              | 28,9790             
200,00          | 27,4470              | 23,0799             
298,15          | 28,8360              | 30,8060             
300,00          | 28,8490              | 44,5664             
400,00          | 29,1810              | 31,6382             
500,00          | 29,2600              | 32,2078             
600,00          | 29,3270              | 32,7310             
700,00          | 29,4200              | 33,2244             
800,00          | 29,6430              | 33,6951             
900,00          | 29,8800              | 34,1464             
1000,00         | 30,2040              | 34,5802             
1100,00         | 30,5800              | 34,9977             
1200,00         | 30,9910              | 35,4000             
1300,00         | 31,4220              | 35,7876             
1400,00         | 31,8600              | 36,1606             
1500,00         | 32,2360              | 36,5199             
1600,00         | 32,7940              | 36,8658             
1700,00         | 32,7290              | 37,1985             
1800,00         | 33,3960              | 37,5183             
1900,00         | 33,7460              | 37,8257             
2000,00         | 34,2770              | 38,1210             
2100,00         | 34,6220              | 38,4041             
2200,00         | 34,9490              | 38,6756             
2300,00         | 35,2590              | 38,9361             
2400,00         | 35,5550              | 39,1853             
2500,00         | 35,8370              | 39,4238             
2600,00         | 36,1060              | 39,6518             
2700,00         | 36,3630              | 39,8697             
2800,00         | 36,6100              | 40,0779             
2900,00         | 36,8470              | 40,2761             
3000,00         | 37,0760              | 40,4653             
3100,00         | 37,2980              | 40,6454             
3200,00         | 37,5130              | 40,8166             
3300,00         | 37,7230              | 40,9797             
3400,00         | 37,9280              | 41,1344             
3500,00         | 38,1290              | 41,2813             
3600,00         | 38,3260              | 41,4204             
3700,00         | 38,5200              | 41,5524             
3800,00         | 38,7110              | 41,6775             
3900,00         | 38,8990              | 41,7955             
4000,00         | 39,0850              | 41,9074             
4100,00         | 39,2690              | 42,0129             
4200,00         | 39,4500              | 42,1126             
4300,00         | 39,6290              | 42,2068             
4400,00         | 39,8060              | 42,2953             
4500,00         | 39,9800              | 42,3793             
4600,00         | 40,1510              | 42,4582             
4700,00         | 40,3180              | 42,5323             
4800,00         | 40,4820              | 42,6030             
4900,00         | 40,6410              | 42,6694             
5000,00         | 40,7960              | 42,7318             
5100,00         | 40,9450              | 42,7910             
5200,00         | 41,0880              | 42,8477             
5300,00         | 41,2280              | 42,9007             
5400,00         | 41,3570              | 42,9519             
5500,00         | 41,4800              | 43,0004             
5600,00         | 41,5960              | 43,0468             
5700,00         | 41,7030              | 43,0923             
5800,00         | 41,8030              | 43,1359             
5900,00         | 41,8930              | 53,8109             
6000,00         | 41,9740              | 50,3460             
6200,00         | 42,1070              | 43,3272             
6400,00         | 42,2000              | 43,4094             
6600,00         | 42,2520              | 43,4944             
6800,00         | 42,2630              | 43,5845             
7000,00         | 42,2510              | 43,6820             
7200,00         | 42,1640              | 43,7891             
7400,00         | 42,0550              | 43,9082             
7600,00         | 41,9100              | 44,0413             
7800,00         | 41,7310              | 44,1908             
8000,00         | 41,5200              | 44,3590             
8200,00         | 41,2800              | 44,5484             
8400,00         | 41,0140              | 44,7609             
8600,00         | 40,7240              | 44,9987             
8800,00         | 40,4180              | 45,2644             
9000,00         | 40,0850              | 45,5602             
9200,00         | 39,7450              | 45,8882             
9400,00         | 39,3970              | 46,2508             
9600,00         | 39,0270              | 46,6500             
9800,00         | 38,6550              | 64,6449             
10000,00        | 38,2770              | 58,3239             
-----------------------------------------------------------------
                    Phi                    
-----------------------------------------------------------------
Temperature (K) | Phi Result           | Practical Phi       
-----------------------------------------------------------------
100,00          | 144,1820             | 144,1687            
200,00          | 164,3100             | 164,4309            
298,15          | 175,9210             | 175,8711            
300,00          | 176,1010             | 176,0495            
400,00          | 184,4950             | 184,4085            
500,00          | 191,0520             | 190,9906            
600,00          | 196,4650             | 196,4432            
700,00          | 201,0990             | 201,1110            
800,00          | 205,1650             | 205,2007            
900,00          | 208,7960             | 208,8463            
1000,00         | 212,0840             | 212,1397            
1100,00         | 215,0920             | 215,1467            
1200,00         | 217,8660             | 217,9161            
1300,00         | 220,4420             | 220,4850            
1400,00         | 222,8480             | 222,8826            
1500,00         | 225,1060             | 225,1317            
1600,00         | 227,2350             | 227,2512            
1700,00         | 229,2480             | 229,2561            
1800,00         | 231,1590             | 231,1594            
1900,00         | 232,9780             | 232,9715            
2000,00         | 234,7140             | 234,7015            
2100,00         | 236,3750             | 236,3572            
2200,00         | 237,9670             | 237,9452            
2300,00         | 239,4960             | 239,4712            
2400,00         | 240,9670             | 240,9404            
2500,00         | 242,3850             | 242,3571            
2600,00         | 243,7540             | 243,7254            
2700,00         | 245,0780             | 245,0486            
2800,00         | 246,3590             | 246,3298            
2900,00         | 247,6000             | 247,5720            
3000,00         | 248,8040             | 248,7775            
3100,00         | 249,9740             | 249,9486            
3200,00         | 251,1110             | 251,0874            
3300,00         | 252,2180             | 252,1958            
3400,00         | 253,2950             | 253,2754            
3500,00         | 254,3450             | 254,3278            
3600,00         | 255,3690             | 255,3544            
3700,00         | 256,3690             | 256,3566            
3800,00         | 257,3450             | 257,3356            
3900,00         | 258,3000             | 258,2924            
4000,00         | 259,2330             | 259,2281            
4100,00         | 260,1460             | 260,1438            
4200,00         | 261,0400             | 261,0401            
4300,00         | 261,9160             | 261,9181            
4400,00         | 262,7740             | 262,7784            
4500,00         | 263,6150             | 263,6219            
4600,00         | 264,4400             | 264,4491            
4700,00         | 265,2500             | 265,2607            
4800,00         | 266,0440             | 266,0574            
4900,00         | 266,8250             | 266,8396            
5000,00         | 267,5920             | 267,6080            
5100,00         | 268,3450             | 268,3629            
5200,00         | 269,0860             | 269,1050            
5300,00         | 269,8150             | 269,8346            
5400,00         | 270,5320             | 270,5521            
5500,00         | 271,2370             | 271,2580            
5600,00         | 271,9310             | 271,9526            
5700,00         | 272,6150             | 272,6364            
5800,00         | 273,2880             | 273,3095            
5900,00         | 273,9510             | 273,9725            
6000,00         | 274,6040             | 274,6256            
6200,00         | 275,8830             | 275,9031            
6400,00         | 277,1270             | 277,1445            
6600,00         | 278,3360             | 278,3517            
6800,00         | 279,5150             | 279,5266            
7000,00         | 280,6630             | 280,6709            
7200,00         | 281,7820             | 281,7863            
7400,00         | 282,8740             | 282,8743            
7600,00         | 283,9410             | 283,9361            
7800,00         | 284,9820             | 284,9732            
8000,00         | 286,0000             | 285,9867            
8200,00         | 286,9950             | 286,9778            
8400,00         | 287,9680             | 287,9475            
8600,00         | 288,9200             | 288,8968            
8800,00         | 289,8510             | 289,8267            
9000,00         | 290,7630             | 290,7380            
9200,00         | 291,6560             | 291,6317            
9400,00         | 292,5310             | 292,5085            
9600,00         | 293,3890             | 293,3692            
9800,00         | 294,2290             | 294,2145            
10000,00        | 295,0520             | 295,0451            
-----------------------------------------------------------------
                    S                    
-----------------------------------------------------------------
Temperature (K) | S Result             | Practical S         
-----------------------------------------------------------------
100,00          | 173,1920             | 184,7223            
200,00          | 193,3720             | 199,2118            
298,15          | 205,0350             | 204,8311            
300,00          | 205,2170             | 209,5152            
400,00          | 213,7600             | 217,3498            
500,00          | 220,5820             | 223,7374            
600,00          | 226,3400             | 229,1504            
700,00          | 231,3560             | 233,8624            
800,00          | 235,8110             | 238,0455            
900,00          | 239,8220             | 241,8150            
1000,00         | 243,4710             | 245,2517            
1100,00         | 246,8160             | 248,4147            
1200,00         | 249,9040             | 251,3482            
1300,00         | 252,7740             | 254,0865            
1400,00         | 255,4530             | 256,6563            
1500,00         | 257,9660             | 259,0792            
1600,00         | 260,3340             | 261,3728            
1700,00         | 262,5740             | 263,5513            
1800,00         | 264,7000             | 265,6270            
1900,00         | 266,7230             | 267,6098            
2000,00         | 268,6550             | 269,5087            
2100,00         | 270,5040             | 271,3308            
2200,00         | 272,2780             | 273,0828            
2300,00         | 273,9830             | 274,7701            
2400,00         | 275,6260             | 276,3978            
2500,00         | 277,2100             | 277,9700            
2600,00         | 278,7410             | 279,4908            
2700,00         | 280,2230             | 280,9635            
2800,00         | 281,6590             | 282,3913            
2900,00         | 283,0510             | 283,7768            
3000,00         | 284,4030             | 285,1225            
3100,00         | 285,7170             | 286,4308            
3200,00         | 286,9960             | 287,7037            
3300,00         | 288,2410             | 288,9431            
3400,00         | 289,4550             | 290,1508            
3500,00         | 290,6380             | 291,3282            
3600,00         | 291,7930             | 292,4769            
3700,00         | 292,9200             | 293,5982            
3800,00         | 294,0220             | 294,6934            
3900,00         | 295,0990             | 295,7636            
4000,00         | 296,1530             | 296,8099            
4100,00         | 297,1840             | 297,8333            
4200,00         | 298,1940             | 298,8349            
4300,00         | 299,1830             | 299,8154            
4400,00         | 300,1530             | 300,7756            
4500,00         | 301,1040             | 301,7165            
4600,00         | 302,0360             | 302,6387            
4700,00         | 302,9520             | 303,5428            
4800,00         | 303,8500             | 304,4297            
4900,00         | 304,7330             | 305,2998            
5000,00         | 305,6000             | 306,1539            
5100,00         | 306,4520             | 306,9923            
5200,00         | 307,2900             | 307,8158            
5300,00         | 308,1140             | 308,6248            
5400,00         | 308,9240             | 309,4197            
5500,00         | 309,7220             | 310,2011            
5600,00         | 310,5060             | 310,9694            
5700,00         | 311,2790             | 311,7250            
5800,00         | 312,0390             | 312,4684            
5900,00         | 312,7880             | 313,1998            
6000,00         | 313,5260             | 314,2742            
6200,00         | 314,9690             | 315,6706            
6400,00         | 316,3700             | 317,0258            
6600,00         | 317,7300             | 318,3425            
6800,00         | 319,0530             | 319,6231            
7000,00         | 320,3380             | 320,8697            
7200,00         | 321,5880             | 322,0845            
7400,00         | 322,8020             | 323,2695            
7600,00         | 323,9830             | 324,4266            
7800,00         | 325,1320             | 325,5577            
8000,00         | 326,2480             | 326,6644            
8200,00         | 327,3340             | 327,7485            
8400,00         | 328,3980             | 328,8116            
8600,00         | 329,4150             | 329,8551            
8800,00         | 330,4120             | 330,8807            
9000,00         | 331,3810             | 331,8897            
9200,00         | 332,3220             | 332,8835            
9400,00         | 333,2390             | 333,8635            
9600,00         | 334,1300             | 334,8310            
9800,00         | 334,9950             | 335,7873            
10000,00        | 335,8360             | 337,4360            
-----------------------------------------------------------------
                    H                    
-----------------------------------------------------------------
Temperature (K) | H Result             | Practical H         
-----------------------------------------------------------------
100,00          | 2,9990               | 4,5460              
200,00          | 5,6930               | 7,4439              
298,15          | 8,4680               | 9,1193              
300,00          | 8,5210               | 10,5245             
400,00          | 11,4260              | 13,6584             
500,00          | 14,3490              | 16,8522             
600,00          | 17,2780              | 20,1000             
700,00          | 20,2160              | 23,3984             
800,00          | 23,1610              | 26,7449             
900,00          | 26,1130              | 30,1374             
1000,00         | 29,0740              | 33,5741             
1100,00         | 32,0420              | 37,0534             
1200,00         | 35,0180              | 40,5737             
1300,00         | 38,0020              | 44,1334             
1400,00         | 40,9940              | 47,7312             
1500,00         | 43,9920              | 51,3655             
1600,00         | 47,0080              | 55,0352             
1700,00         | 50,0310              | 58,7387             
1800,00         | 53,0600              | 62,4749             
1900,00         | 56,0960              | 66,2424             
2000,00         | 61,4170              | 70,0400             
2100,00         | 64,8620              | 73,8666             
2200,00         | 68,3410              | 77,7208             
2300,00         | 71,8510              | 81,6017             
2400,00         | 75,3960              | 85,5081             
2500,00         | 78,9690              | 89,4388             
2600,00         | 82,5530              | 93,3928             
2700,00         | 86,1700              | 97,3691             
2800,00         | 89,8310              | 101,3668            
2900,00         | 93,5040              | 105,3847            
3000,00         | 97,2010              | 109,4220            
3100,00         | 100,9190             | 113,4778            
3200,00         | 104,6600             | 117,5511            
3300,00         | 108,4220             | 121,6411            
3400,00         | 112,2040             | 125,7470            
3500,00         | 116,0020             | 129,8680            
3600,00         | 119,8300             | 134,0033            
3700,00         | 123,6720             | 138,1521            
3800,00         | 127,5340             | 142,3137            
3900,00         | 131,4140             | 146,4876            
4000,00         | 135,3140             | 150,6728            
4100,00         | 139,2310             | 154,8690            
4200,00         | 143,1670             | 159,0754            
4300,00         | 147,1210             | 163,2915            
4400,00         | 151,0880             | 167,5168            
4500,00         | 155,0890             | 171,7506            
4600,00         | 159,0890             | 175,9927            
4700,00         | 163,1260             | 180,2422            
4800,00         | 167,1520             | 184,4991            
4900,00         | 171,2080             | 188,7628            
5000,00         | 175,2800             | 193,0330            
5100,00         | 179,3680             | 197,3092            
5200,00         | 183,4690             | 201,5912            
5300,00         | 187,5860             | 205,8787            
5400,00         | 191,7540             | 210,1714            
5500,00         | 195,8560             | 214,4691            
5600,00         | 200,0100             | 218,7714            
5700,00         | 204,1750             | 223,0784            
5800,00         | 208,3500             | 227,3899            
5900,00         | 212,5350             | 231,7056            
6000,00         | 216,7280             | 238,1521            
6200,00         | 225,1370             | 246,8094            
6400,00         | 233,5690             | 255,4830            
6600,00         | 242,0150             | 264,1732            
6800,00         | 250,4570             | 272,8807            
7000,00         | 258,9170             | 281,6070            
7200,00         | 267,3570             | 290,3535            
7400,00         | 275,7880             | 299,1226            
7600,00         | 284,1770             | 307,9168            
7800,00         | 292,5420             | 316,7392            
8000,00         | 300,8670             | 325,5931            
8200,00         | 309,1480             | 334,4828            
8400,00         | 317,3770             | 343,4125            
8600,00         | 325,5590             | 352,3871            
8800,00         | 333,6660             | 361,4119            
9000,00         | 341,7160             | 370,4929            
9200,00         | 349,7000             | 379,6360            
9400,00         | 357,6140             | 388,8482            
9600,00         | 365,4560             | 398,1364            
9800,00         | 373,2240             | 407,5082            
10000,00        | 380,9170             | 423,9943            
-----------------------------------------------------------------
