                    H2                    
                    G                    
-----------------------------------------------------------------
Temperature (K) | Practical G          
-----------------------------------------------------------------
100,00          | -6634,1493           
200,00          | -17724,3968          
298,15          | -30050,5731          
300,00          | -30292,7675          
400,00          | -43819,1992          
500,00          | -58064,7437          
600,00          | -72890,1271          
700,00          | -88203,7257          
800,00          | -103940,5350         
900,00          | -120051,9823         
1000,00         | -136500,3617         
1100,00         | -153255,5276         
1200,00         | -170292,8169         
1300,00         | -187591,6632         
1400,00         | -205134,6449         
1500,00         | -222906,8050         
1600,00         | -240895,1704         
1700,00         | -259088,3434         
1800,00         | -277476,2516         
1900,00         | -296049,9187         
2000,00         | -314803,5665         
2100,00         | -333725,7597         
2200,00         | -352811,8032         
2300,00         | -372055,6671         
2400,00         | -391451,8299         
2500,00         | -410995,1979         
2600,00         | -430681,0532         
2700,00         | -450505,0575         
2800,00         | -470463,1641         
2900,00         | -490551,5531         
3000,00         | -510766,6903         
3100,00         | -531105,2436         
3200,00         | -551564,0816         
3300,00         | -572140,2466         
3400,00         | -592830,9423         
3500,00         | -613633,5162         
3600,00         | -634545,4673         
3700,00         | -655564,3868         
3800,00         | -676688,0004         
3900,00         | -697914,1287         
4000,00         | -719240,6912         
4100,00         | -740665,6902         
4200,00         | -762187,2140         
4300,00         | -783803,4229         
4400,00         | -805512,5430         
4500,00         | -827312,8911         
4600,00         | -849202,7880         
4700,00         | -871180,6840         
4800,00         | -893244,9955         
4900,00         | -915394,2770         
5000,00         | -937627,0738         
5100,00         | -959941,9879         
5200,00         | -982337,6589         
5300,00         | -1004812,7698        
5400,00         | -1027366,0712        
5500,00         | -1049996,1950        
5600,00         | -1072702,0397        
5700,00         | -1095482,3740        
5800,00         | -1118336,0349        
5900,00         | -1141261,8864        
6000,00         | -1164258,8154        
6200,00         | -1210461,5769        
6400,00         | -1256935,8698        
6600,00         | -1303673,5618        
6800,00         | -1350666,7976        
7000,00         | -1397908,0184        
7200,00         | -1445389,8370        
7400,00         | -1493105,1237        
7600,00         | -1541046,8931        
7800,00         | -1589208,3811        
8000,00         | -1637582,9434        
8200,00         | -1686164,0874        
8400,00         | -1734945,4423        
8600,00         | -1783920,7644        
8800,00         | -1833083,8808        
9000,00         | -1882428,7575        
9200,00         | -1931949,4186        
9400,00         | -1981639,9690        
9600,00         | -2031494,5848        
9800,00         | -2081507,5039        
10000,00        | -2131673,0209        
-----------------------------------------------------------------
                    Cp                    
-----------------------------------------------------------------
Temperature (K) | Cp Result            | Practical Cp        
-----------------------------------------------------------------
100,00          | 28,1550              | 29,3652             
200,00          | 27,4470              | 16,1933             
298,15          | 28,8360              | 705,1528            
300,00          | 28,8490              | 28,7645             
400,00          | 29,1810              | 28,9919             
500,00          | 29,2600              | 29,2929             
600,00          | 29,3270              | 29,6248             
700,00          | 29,4200              | 29,9710             
800,00          | 29,6430              | 30,3239             
900,00          | 29,8800              | 30,6786             
1000,00         | 30,2040              | 31,0336             
1100,00         | 30,5800              | 31,3868             
1200,00         | 30,9910              | 31,7376             
1300,00         | 31,4220              | 32,0850             
1400,00         | 31,8600              | 32,4308             
1500,00         | 32,2360              | 32,7692             
1600,00         | 32,7940              | 33,1050             
1700,00         | 32,7290              | 33,4366             
1800,00         | 33,3960              | 34,1963             
1900,00         | 33,7460              | 33,7091             
2000,00         | 34,2770              | 34,4086             
2100,00         | 34,6220              | 34,7205             
2200,00         | 34,9490              | 35,0288             
2300,00         | 35,2590              | 35,3293             
2400,00         | 35,5550              | 35,6218             
2500,00         | 35,8370              | 35,9187             
2600,00         | 36,1060              | 36,2076             
2700,00         | 36,3630              | 36,4791             
2800,00         | 36,6100              | 36,7570             
2900,00         | 36,8470              | 37,0248             
3000,00         | 37,0760              | 37,2883             
3100,00         | 37,2980              | 37,5446             
3200,00         | 37,5130              | 37,7952             
3300,00         | 37,7230              | 38,0386             
3400,00         | 37,9280              | 38,2820             
3500,00         | 38,1290              | 38,5087             
3600,00         | 38,3260              | 38,7368             
3700,00         | 38,5200              | 38,9556             
3800,00         | 38,7110              | 39,1694             
3900,00         | 38,8990              | 39,3746             
4000,00         | 39,0850              | 39,5752             
4100,00         | 39,2690              | 39,7678             
4200,00         | 39,4500              | 39,9518             
4300,00         | 39,6290              | 40,1403             
4400,00         | 39,8060              | 40,2970             
4500,00         | 39,9800              | 40,4796             
4600,00         | 40,1510              | 40,6153             
4700,00         | 40,3180              | 40,7856             
4800,00         | 40,4820              | 40,9225             
4900,00         | 40,6410              | 41,0587             
5000,00         | 40,7960              | 41,1860             
5100,00         | 40,9450              | 41,3088             
5200,00         | 41,0880              | 41,4410             
5300,00         | 41,2280              | 41,4841             
5400,00         | 41,3570              | 41,6464             
5500,00         | 41,4800              | 41,7142             
5600,00         | 41,5960              | 41,7961             
5700,00         | 41,7030              | 41,8706             
5800,00         | 41,8030              | 41,9358             
5900,00         | 41,8930              | 62,6710             
6000,00         | 41,9740              | 42,0874             
6200,00         | 42,1070              | 42,1439             
6400,00         | 42,2000              | 42,1647             
6600,00         | 42,2520              | 42,1575             
6800,00         | 42,2630              | 42,1046             
7000,00         | 42,2510              | 42,0243             
7200,00         | 42,1640              | 41,8993             
7400,00         | 42,0550              | 41,7465             
7600,00         | 41,9100              | 41,5495             
7800,00         | 41,7310              | 41,3163             
8000,00         | 41,5200              | 41,0432             
8200,00         | 41,2800              | 40,7331             
8400,00         | 41,0140              | 40,3757             
8600,00         | 40,7240              | 39,9873             
8800,00         | 40,4180              | 39,5515             
9000,00         | 40,0850              | 39,0746             
9200,00         | 39,7450              | 38,5554             
9400,00         | 39,3970              | 37,9928             
9600,00         | 39,0270              | 37,3865             
9800,00         | 38,6550              | 63,0613             
10000,00        | 38,2770              | -5293,8650          
-----------------------------------------------------------------
                    Phi                    
-----------------------------------------------------------------
Temperature (K) | Phi Result           | Practical Phi       
-----------------------------------------------------------------
100,00          | 70,6240              | 70,6322             
200,00          | 90,8360              | 90,7539             
298,15          | 102,1690             | 102,2109            
300,00          | 102,3450             | 102,3877            
400,00          | 110,5380             | 110,5996            
500,00          | 116,9270             | 116,9649            
600,00          | 122,1690             | 122,1749            
700,00          | 126,6140             | 126,5937            
800,00          | 130,4760             | 130,4368            
900,00          | 133,8920             | 133,8422            
1000,00         | 136,9570             | 136,9034            
1100,00         | 139,7400             | 139,6869            
1200,00         | 142,2920             | 142,2416            
1300,00         | 144,6560             | 144,6044            
1400,00         | 146,8700             | 146,8041            
1500,00         | 148,9670             | 148,8633            
1600,00         | 150,8270             | 150,8001            
1700,00         | 152,5530             | 152,6296            
1800,00         | 154,1670             | 154,3640            
1900,00         | 155,6810             | 156,0136            
2000,00         | 157,5970             | 157,5871            
2100,00         | 159,1000             | 159,0919            
2200,00         | 160,5410             | 160,5343            
2300,00         | 161,9260             | 161,9199            
2400,00         | 163,2550             | 163,2535            
2500,00         | 164,5450             | 164,5393            
2600,00         | 165,7870             | 165,7810            
2700,00         | 166,9880             | 166,9818            
2800,00         | 168,1520             | 168,1448            
2900,00         | 169,2810             | 169,2725            
3000,00         | 170,3760             | 170,3672            
3100,00         | 171,4410             | 171,4311            
3200,00         | 172,4770             | 172,4661            
3300,00         | 173,4860             | 173,4739            
3400,00         | 174,4690             | 174,4561            
3500,00         | 175,4260             | 175,4142            
3600,00         | 176,3630             | 176,3494            
3700,00         | 177,2770             | 177,2629            
3800,00         | 178,1700             | 178,1559            
3900,00         | 179,0440             | 179,0294            
4000,00         | 179,8990             | 179,8844            
4100,00         | 180,7360             | 180,7216            
4200,00         | 181,5560             | 181,5419            
4300,00         | 182,3590             | 182,3461            
4400,00         | 183,1470             | 183,1349            
4500,00         | 183,9230             | 183,9089            
4600,00         | 184,6790             | 184,6686            
4700,00         | 185,4240             | 185,4148            
4800,00         | 186,1560             | 186,1479            
4900,00         | 186,8750             | 186,8684            
5000,00         | 187,5820             | 187,5768            
5100,00         | 188,2780             | 188,2735            
5200,00         | 188,9620             | 188,9589            
5300,00         | 189,6330             | 189,6334            
5400,00         | 190,2970             | 190,2975            
5500,00         | 190,9500             | 190,9513            
5600,00         | 191,5920             | 191,5954            
5700,00         | 192,2250             | 192,2299            
5800,00         | 192,8490             | 192,8551            
5900,00         | 193,4640             | 193,4714            
6000,00         | 194,0710             | 194,0790            
6200,00         | 195,2580             | 195,2691            
6400,00         | 196,4140             | 196,4272            
6600,00         | 197,5400             | 197,5551            
6800,00         | 198,6370             | 198,6542            
7000,00         | 199,7070             | 199,7259            
7200,00         | 200,7510             | 200,7715            
7400,00         | 201,7700             | 201,7921            
7600,00         | 202,7650             | 202,7888            
7800,00         | 203,7380             | 203,7626            
8000,00         | 204,6890             | 204,7143            
8200,00         | 205,6190             | 205,6448            
8400,00         | 206,5280             | 206,5548            
8600,00         | 207,4170             | 207,4450            
8800,00         | 208,3890             | 208,3162            
9000,00         | 209,4270             | 209,1688            
9200,00         | 209,9770             | 210,0035            
9400,00         | 210,7950             | 210,8207            
9600,00         | 211,5960             | 211,6210            
9800,00         | 212,3810             | 212,4047            
10000,00        | 213,1510             | 213,1724            
-----------------------------------------------------------------
                    S                    
-----------------------------------------------------------------
Temperature (K) | S Result             | Practical S         
-----------------------------------------------------------------
100,00          | 100,6160             | 110,9025            
200,00          | 119,3010             | 125,5851            
298,15          | 130,5700             | 130,9159            
300,00          | 130,7470             | 135,2643            
400,00          | 139,1040             | 142,4554            
500,00          | 145,6260             | 148,2538            
600,00          | 150,9660             | 153,1360            
700,00          | 155,4940             | 157,3681            
800,00          | 159,4020             | 161,1145            
900,00          | 162,9400             | 164,4838            
1000,00         | 166,1040             | 167,5517            
1100,00         | 169,0000             | 170,3729            
1200,00         | 171,6780             | 172,9885            
1300,00         | 174,1760             | 175,4298            
1400,00         | 176,5200             | 177,7216            
1500,00         | 178,7330             | 179,8837            
1600,00         | 180,8320             | 181,9317            
1700,00         | 182,8220             | 183,8791            
1800,00         | 184,7350             | 185,7367            
1900,00         | 186,5760             | 187,5365            
2000,00         | 188,3060             | 189,2219            
2100,00         | 189,9870             | 190,8604            
2200,00         | 191,6050             | 192,4386            
2300,00         | 193,1650             | 193,9616            
2400,00         | 194,6720             | 195,4337            
2500,00         | 196,1250             | 196,8586            
2600,00         | 197,5400             | 198,2400            
2700,00         | 198,9080             | 199,5811            
2800,00         | 200,2350             | 200,8839            
2900,00         | 201,5240             | 202,1514            
3000,00         | 202,7760             | 203,3855            
3100,00         | 203,9960             | 204,5884            
3200,00         | 205,1830             | 205,7616            
3300,00         | 206,3410             | 206,9070            
3400,00         | 207,4700             | 208,0257            
3500,00         | 208,5730             | 209,1195            
3600,00         | 209,6490             | 210,1892            
3700,00         | 210,7020             | 211,2361            
3800,00         | 211,7320             | 212,2613            
3900,00         | 212,7400             | 213,2656            
4000,00         | 213,7270             | 214,2500            
4100,00         | 214,6950             | 215,2152            
4200,00         | 215,6430             | 216,1621            
4300,00         | 216,5730             | 217,0912            
4400,00         | 217,4860             | 218,0035            
4500,00         | 218,3930             | 218,8990            
4600,00         | 219,2640             | 219,7790            
4700,00         | 220,1290             | 220,6431            
4800,00         | 220,9790             | 221,4928            
4900,00         | 221,8160             | 222,3280            
5000,00         | 222,6380             | 223,1491            
5100,00         | 223,4480             | 223,9567            
5200,00         | 224,2440             | 224,7511            
5300,00         | 225,0270             | 225,5330            
5400,00         | 225,8040             | 226,3012            
5500,00         | 226,5600             | 227,0584            
5600,00         | 227,3080             | 227,8033            
5700,00         | 228,0460             | 228,5366            
5800,00         | 228,7720             | 229,2585            
5900,00         | 229,4870             | 229,9693            
6000,00         | 230,1920             | 231,0138            
6200,00         | 231,5710             | 232,3715            
6400,00         | 232,9090             | 233,6885            
6600,00         | 234,2080             | 234,9662            
6800,00         | 235,4700             | 236,2061            
7000,00         | 236,6930             | 237,4091            
7200,00         | 237,8840             | 238,5764            
7400,00         | 239,0380             | 239,7088            
7600,00         | 240,1570             | 240,8074            
7800,00         | 241,2440             | 241,8728            
8000,00         | 242,2980             | 242,9057            
8200,00         | 243,3200             | 243,9068            
8400,00         | 244,3120             | 244,8766            
8600,00         | 245,2760             | 245,8156            
8800,00         | 246,2060             | 246,7244            
9000,00         | 247,1080             | 247,6033            
9200,00         | 247,9880             | 248,4528            
9400,00         | 248,8390             | 249,2731            
9600,00         | 249,6640             | 250,0646            
9800,00         | 250,4650             | 250,8276            
10000,00        | 251,2420             | 252,0888            
-----------------------------------------------------------------
                    H                    
-----------------------------------------------------------------
Temperature (K) | H Result             | Practical H         
-----------------------------------------------------------------
100,00          | 2,9990               | 4456,0981           
200,00          | 5,6930               | 7392,6206           
298,15          | 8,4680               | 8981,9951           
300,00          | 8,5210               | 10286,5277          
400,00          | 11,4260              | 13162,9789          
500,00          | 14,3490              | 16062,1733          
600,00          | 17,2780              | 18991,4644          
700,00          | 20,2160              | 21953,9397          
800,00          | 23,1610              | 24951,0430          
900,00          | 26,1130              | 27983,4324          
1000,00         | 29,0740              | 31051,2971          
1100,00         | 32,0420              | 34154,6546          
1200,00         | 35,0180              | 37293,3388          
1300,00         | 38,0020              | 40467,0998          
1400,00         | 40,9940              | 43675,5963          
1500,00         | 43,9920              | 46918,6750          
1600,00         | 47,0080              | 50195,5986          
1700,00         | 50,0310              | 53506,0950          
1800,00         | 53,0600              | 56849,7570          
1900,00         | 56,0960              | 60269,3903          
2000,00         | 61,4170              | 63640,2962          
2100,00         | 64,8620              | 67081,1553          
2200,00         | 68,3410              | 70553,2011          
2300,00         | 71,8510              | 74056,0766          
2400,00         | 75,3960              | 77589,0033          
2500,00         | 78,9690              | 81151,1847          
2600,00         | 82,5530              | 84743,0586          
2700,00         | 86,1700              | 88363,8206          
2800,00         | 89,8310              | 92011,7286          
2900,00         | 93,5040              | 95687,4253          
3000,00         | 97,2010              | 99389,9072          
3100,00         | 100,9190             | 103118,7372         
3200,00         | 104,6600             | 106873,1968         
3300,00         | 108,4220             | 110652,7125         
3400,00         | 112,2040             | 114456,5693         
3500,00         | 116,0020             | 118284,7706         
3600,00         | 119,8300             | 122135,6372         
3700,00         | 123,6720             | 126009,3164         
3800,00         | 127,5340             | 129904,8732         
3900,00         | 131,4140             | 133821,8088         
4000,00         | 135,3140             | 137759,2686         
4100,00         | 139,2310             | 141716,7851         
4200,00         | 143,1670             | 145693,5618         
4300,00         | 147,1210             | 149688,7424         
4400,00         | 151,0880             | 153702,7710         
4500,00         | 155,0890             | 157732,4716         
4600,00         | 159,0890             | 161780,4267         
4700,00         | 163,1260             | 165841,9568         
4800,00         | 167,1520             | 169920,5167         
4900,00         | 171,2080             | 174012,7643         
5000,00         | 175,2800             | 178118,6351         
5100,00         | 179,3680             | 182237,2314         
5200,00         | 183,4690             | 186368,1070         
5300,00         | 187,5860             | 190512,2041         
5400,00         | 191,7540             | 194660,6167         
5500,00         | 195,8560             | 198825,2606         
5600,00         | 200,0100             | 202996,6844         
5700,00         | 204,1750             | 207176,2953         
5800,00         | 208,3500             | 211363,3506         
5900,00         | 212,5350             | 215556,9259         
6000,00         | 216,7280             | 221824,0295         
6200,00         | 225,1370             | 230241,5023         
6400,00         | 233,5690             | 238670,2759         
6600,00         | 242,0150             | 247103,2179         
6800,00         | 250,4570             | 255534,7106         
7000,00         | 258,9170             | 263955,6327         
7200,00         | 267,3570             | 272360,4833         
7400,00         | 275,7880             | 280740,3438         
7600,00         | 284,1770             | 289089,6500         
7800,00         | 292,5420             | 297399,5523         
8000,00         | 300,8670             | 305662,8156         
8200,00         | 309,1480             | 313871,4613         
8400,00         | 317,3770             | 322018,0893         
8600,00         | 325,5590             | 330093,2374         
8800,00         | 333,6660             | 338090,6969         
9000,00         | 341,7160             | 346000,9886         
9200,00         | 349,7000             | 353815,9012         
9400,00         | 357,6140             | 361526,9740         
9600,00         | 365,4560             | 369125,5330         
9800,00         | 373,2240             | 376602,8300         
10000,00        | 380,9170             | 389215,0818         
-----------------------------------------------------------------
