                    G                    
-----------------------------------------------------------------
Temperature (K) | Practical G          
-----------------------------------------------------------------
100,00          | -11023,2114          
200,00          | -27541,4028          
298,15          | -45460,6323          
300,00          | -45809,9365          
400,00          | -65205,9798          
500,00          | -85464,9566          
600,00          | -106436,1584         
700,00          | -128021,0024         
800,00          | -150149,4509         
900,00          | -172768,8730         
1000,00         | -195838,0765         
1100,00         | -219323,7937         
1200,00         | -243198,4917         
1300,00         | -267438,9222         
1400,00         | -292025,1017         
1500,00         | -316939,6485         
1600,00         | -342167,2324         
1700,00         | -367694,2072         
1800,00         | -393508,3090         
2000,00         | -445954,7970         
2100,00         | -472567,5767         
2200,00         | -499428,4293         
2300,00         | -526529,4207         
2400,00         | -553863,1238         
2500,00         | -581422,6928         
2600,00         | -609201,5103         
2700,00         | -637193,5862         
2800,00         | -665393,1578         
2900,00         | -693794,6357         
3000,00         | -722392,9678         
3100,00         | -751183,1857         
3200,00         | -780160,5920         
3300,00         | -809320,7042         
3400,00         | -838659,2380         
3500,00         | -868172,0797         
3600,00         | -897855,2977         
3700,00         | -927705,1068         
3800,00         | -957717,8716         
3900,00         | -987890,0901         
4000,00         | -1018218,3908        
4100,00         | -1048699,5219        
4200,00         | -1079330,3450        
4300,00         | -1110107,8304        
4400,00         | -1141029,0502        
4500,00         | -1172091,1762        
4600,00         | -1203291,4687        
4700,00         | -1234627,2570        
4800,00         | -1266096,0086        
4900,00         | -1297695,2105        
5000,00         | -1329422,4716        
5100,00         | -1361275,4527        
5200,00         | -1393251,8899        
5300,00         | -1425349,6022        
5400,00         | -1457566,4284        
5500,00         | -1489900,2102        
5600,00         | -1522349,1398        
5700,00         | -1554911,2824        
5800,00         | -1587584,7581        
5900,00         | -1620367,5097        
6000,00         | -1653258,0057        
6200,00         | -1719355,2003        
6400,00         | -1785863,1991        
6600,00         | -1852769,7511        
6800,00         | -1920063,3889        
7000,00         | -1987733,3930        
7200,00         | -2055769,7719        
7400,00         | -2124163,2360        
7600,00         | -2192905,1762        
7800,00         | -2261987,6578        
8000,00         | -2331403,3552        
8200,00         | -2401145,6279        
8400,00         | -2471208,4187        
8600,00         | -2541586,2857        
8800,00         | -2612274,3812        
9000,00         | -2683268,4414        
9200,00         | -2754564,7804        
9400,00         | -2826160,2758        
9600,00         | -2898052,3590        
9800,00         | -2970239,0630        
10000,00        | -3042718,8801        
-----------------------------------------------------------------
                    Cp                    
-----------------------------------------------------------------
Temperature (K) | Cp Result            | Practical Cp        
-----------------------------------------------------------------
100,00          | 33,3100              | 34,7758             
200,00          | 33,3540              | 26,9443             
298,15          | 33,6090              | 34,0563             
300,00          | 33,6180              | 49,0520             
400,00          | 34,1460              | 35,0643             
500,00          | 35,0710              | 36,2149             
600,00          | 36,2890              | 37,4354             
700,00          | 37,6060              | 38,6651             
800,00          | 38,9420              | 39,8791             
900,00          | 40,2610              | 41,0658             
1000,00         | 41,5840              | 42,2196             
1100,00         | 42,7820              | 43,3379             
1200,00         | 43,9690              | 44,4176             
1300,00         | 45,1050              | 45,4594             
1400,00         | 46,1860              | 46,4635             
1500,00         | 47,2150              | 47,4290             
1600,00         | 48,1910              | 48,3571             
1700,00         | 49,1170              | 61,2286             
1800,00         | 50,0000              | 50,5176             
2000,00         | 51,6000              | 43,3342             
2100,00         | 52,3360              | 52,4629             
2200,00         | 53,0300              | 53,1771             
2300,00         | 53,6820              | 53,8658             
2400,00         | 54,2960              | 54,5100             
2500,00         | 54,8730              | 55,1297             
2600,00         | 55,4150              | 55,7355             
2700,00         | 55,9240              | 56,2788             
2800,00         | 56,4020              | 56,8107             
2900,00         | 56,8510              | 57,3267             
3000,00         | 57,2740              | 57,7971             
3100,00         | 57,6710              | 58,2472             
3200,00         | 58,0460              | 58,6725             
3300,00         | 58,3990              | 59,0719             
3400,00         | 58,7320              | 59,4482             
3500,00         | 59,0490              | 59,8022             
3600,00         | 59,3490              | 60,1332             
3700,00         | 59,6350              | 60,4430             
3800,00         | 59,9090              | 60,7322             
3900,00         | 60,1720              | 61,0021             
4000,00         | 60,4270              | 61,2529             
4100,00         | 60,6730              | 61,4859             
4200,00         | 60,9140              | 61,7020             
4300,00         | 61,1500              | 61,9023             
4400,00         | 61,3840              | 62,0868             
4500,00         | 61,6170              | 62,2515             
4600,00         | 61,8490              | 62,4104             
4700,00         | 62,0840              | 62,5545             
4800,00         | 62,3220              | 62,6826             
4900,00         | 62,5660              | 62,8045             
5000,00         | 62,8160              | 62,9113             
5100,00         | 63,0740              | 63,0128             
5200,00         | 63,3430              | 63,0967             
5300,00         | 63,6230              | 63,1432             
5400,00         | 63,8930              | 63,2437             
5500,00         | 64,1430              | 63,3653             
5600,00         | 64,3650              | 63,4296             
5700,00         | 64,5490              | 63,4199             
5800,00         | 64,7210              | 63,4746             
5900,00         | 64,8820              | 79,2150             
6000,00         | 65,0300              | 74,0700             
6200,00         | 65,2900              | 63,7216             
6400,00         | 65,4990              | 63,8188             
6600,00         | 65,6580              | 63,9257             
6800,00         | 65,7670              | 64,0489             
7000,00         | 65,8260              | 64,1955             
7200,00         | 65,8830              | 64,3717             
7400,00         | 65,8040              | 64,5855             
7600,00         | 65,7260              | 64,8400             
7800,00         | 65,6080              | 65,1461             
8000,00         | 65,4520              | 65,5106             
8200,00         | 65,2630              | 65,9361             
8400,00         | 65,0440              | 66,4326             
8600,00         | 64,7990              | 67,0057             
8800,00         | 64,5330              | 67,6625             
9000,00         | 64,2490              | 68,4094             
9200,00         | 63,9510              | 69,2520             
9400,00         | 63,6340              | 70,2036             
9600,00         | 63,3320              | 71,2609             
9800,00         | 63,0170              | 99,7918             
10000,00        | 62,7050              | 91,3421             
-----------------------------------------------------------------
                    Phi                    
-----------------------------------------------------------------
Temperature (K) | Phi Result           | Practical Phi       
-----------------------------------------------------------------
100,00          | 119,3790             | 119,3769            
200,00          | 142,2600             | 142,2627            
298,15          | 155,5010             | 155,5207            
300,00          | 155,7060             | 155,7258            
400,00          | 165,2790             | 165,2759            
500,00          | 172,7630             | 172,7318            
600,00          | 178,9280             | 178,8892            
700,00          | 184,1990             | 184,1638            
800,00          | 188,8260             | 188,7991            
900,00          | 192,9660             | 192,9497            
1000,00         | 196,7270             | 196,7199            
1100,00         | 200,1810             | 200,1831            
1200,00         | 203,3850             | 203,3931            
1300,00         | 206,3700             | 206,3905            
1400,00         | 209,1900             | 209,2067            
1500,00         | 211,8480             | 211,8661            
1600,00         | 214,3520             | 214,3888            
1700,00         | 216,7070             | 216,7907            
1800,00         | 218,9210             | 219,0852            
2000,00         | 223,3860             | 223,3948            
2100,00         | 225,4220             | 225,4272            
2200,00         | 227,3870             | 227,3876            
2300,00         | 229,2850             | 229,2819            
2400,00         | 231,1230             | 231,1153            
2500,00         | 232,9040             | 232,8923            
2600,00         | 234,6320             | 234,6170            
2700,00         | 236,3110             | 236,2928            
2800,00         | 237,9450             | 237,9231            
2900,00         | 239,5350             | 239,5105            
3000,00         | 241,0840             | 241,0577            
3100,00         | 242,5960             | 242,5669            
3200,00         | 244,0700             | 244,0404            
3300,00         | 245,5110             | 245,4798            
3400,00         | 246,9180             | 246,8871            
3500,00         | 248,2950             | 248,2637            
3600,00         | 249,6420             | 249,6112            
3700,00         | 250,9610             | 250,9309            
3800,00         | 252,2530             | 252,2239            
3900,00         | 253,5190             | 253,4916            
4000,00         | 254,7600             | 254,7349            
4100,00         | 255,9780             | 255,9548            
4200,00         | 257,1720             | 257,1522            
4300,00         | 258,3450             | 258,3281            
4400,00         | 259,4970             | 259,4831            
4500,00         | 260,6290             | 260,6182            
4600,00         | 261,7410             | 261,7339            
4700,00         | 262,8350             | 262,8309            
4800,00         | 263,9210             | 263,9100            
4900,00         | 264,9690             | 264,9716            
5000,00         | 266,0100             | 266,0164            
5100,00         | 267,0350             | 267,0448            
5200,00         | 268,0450             | 268,0575            
5300,00         | 269,0400             | 269,0547            
5400,00         | 270,0160             | 270,0371            
5500,00         | 270,9780             | 271,0051            
5600,00         | 271,9270             | 271,9591            
5700,00         | 272,8650             | 272,8994            
5800,00         | 273,7900             | 273,8264            
5900,00         | 274,7030             | 274,7406            
6000,00         | 275,6040             | 275,6423            
6200,00         | 277,3700             | 277,4093            
6400,00         | 279,0920             | 279,1301            
6600,00         | 280,7710             | 280,8070            
6800,00         | 282,4110             | 282,4422            
7000,00         | 284,0110             | 284,0376            
7200,00         | 285,5760             | 285,5954            
7400,00         | 287,1040             | 287,1172            
7600,00         | 288,6000             | 288,6047            
7800,00         | 290,0630             | 290,0596            
8000,00         | 291,4950             | 291,4835            
8200,00         | 292,8970             | 292,8777            
8400,00         | 294,2700             | 294,2437            
8600,00         | 295,6150             | 295,5827            
8800,00         | 296,9230             | 296,8962            
9000,00         | 298,2060             | 298,1853            
9200,00         | 299,4930             | 299,4512            
9400,00         | 300,7360             | 300,6951            
9600,00         | 301,9550             | 301,9181            
9800,00         | 303,1520             | 303,1212            
10000,00        | 304,3260             | 304,3055            
-----------------------------------------------------------------
                    S                    
-----------------------------------------------------------------
Temperature (K) | S Result             | Practical S         
-----------------------------------------------------------------
100,00          | 152,2710             | 165,1819            
200,00          | 175,3700             | 182,5698            
298,15          | 188,7240             | 188,8131            
300,00          | 188,9300             | 193,9604            
400,00          | 198,7150             | 202,5898            
500,00          | 206,4250             | 209,7120            
600,00          | 212,9240             | 215,8484            
700,00          | 218,6170             | 221,2845            
800,00          | 223,7260             | 226,1942            
900,00          | 228,3890             | 230,6920            
1000,00         | 232,6970             | 234,8572            
1100,00         | 236,7160             | 238,7470            
1200,00         | 240,4890             | 242,4043            
1300,00         | 244,0540             | 245,8618            
1400,00         | 247,4360             | 249,1455            
1500,00         | 250,6580             | 252,2758            
1600,00         | 253,7370             | 255,2697            
1700,00         | 256,6860             | 258,1410            
1800,00         | 259,5300             | 262,2324            
2000,00         | 264,8240             | 266,1278            
2100,00         | 267,4060             | 268,6085            
2200,00         | 269,8570             | 271,0099            
2300,00         | 272,2290             | 273,3370            
2400,00         | 274,5270             | 275,5957            
2500,00         | 276,7550             | 277,7882            
2600,00         | 278,9180             | 279,9208            
2700,00         | 281,0190             | 281,9957            
2800,00         | 283,0620             | 284,0148            
2900,00         | 285,0490             | 285,9833            
3000,00         | 286,9830             | 287,9022            
3100,00         | 288,8680             | 289,7741            
3200,00         | 290,7050             | 291,6011            
3300,00         | 292,4960             | 293,3853            
3400,00         | 294,2450             | 295,1284            
3500,00         | 295,9520             | 296,8322            
3600,00         | 297,6200             | 298,4981            
3700,00         | 299,2500             | 300,1276            
3800,00         | 300,8440             | 301,7222            
3900,00         | 302,4030             | 303,2830            
4000,00         | 303,9300             | 304,8113            
4100,00         | 305,4250             | 306,3082            
4200,00         | 306,8900             | 307,7749            
4300,00         | 308,3260             | 309,2122            
4400,00         | 309,7350             | 310,6213            
4500,00         | 311,1170             | 312,0029            
4600,00         | 312,4740             | 313,3579            
4700,00         | 313,8060             | 314,6875            
4800,00         | 315,1160             | 315,9920            
4900,00         | 316,4030             | 317,2726            
5000,00         | 317,6700             | 318,5298            
5100,00         | 318,9160             | 319,7644            
5200,00         | 320,1440             | 320,9771            
5300,00         | 321,3530             | 322,1683            
5400,00         | 322,5280             | 323,3378            
5500,00         | 323,6820             | 324,4893            
5600,00         | 324,8230             | 325,6214            
5700,00         | 325,9540             | 326,7348            
5800,00         | 327,0880             | 327,8275            
5900,00         | 328,1960             | 328,9050            
6000,00         | 329,2880             | 330,4860            
6200,00         | 331,4240             | 332,5400            
6400,00         | 333,5010             | 334,5328            
6600,00         | 335,5190             | 336,4682            
6800,00         | 337,4810             | 338,3500            
7000,00         | 339,3880             | 340,1819            
7200,00         | 341,2430             | 341,9673            
7400,00         | 343,0460             | 343,7097            
7600,00         | 344,8000             | 345,4124            
7800,00         | 346,5060             | 347,0785            
8000,00         | 348,1650             | 348,7114            
8200,00         | 349,7790             | 350,3140            
8400,00         | 351,3490             | 351,8893            
8600,00         | 352,8770             | 353,4405            
8800,00         | 354,3640             | 354,9703            
9000,00         | 355,8100             | 356,4817            
9200,00         | 357,2190             | 357,9775            
9400,00         | 358,5920             | 359,4604            
9600,00         | 359,9280             | 360,9335            
9800,00         | 361,2310             | 362,3991            
10000,00        | 362,5010             | 364,9545            
-----------------------------------------------------------------
                    H                    
-----------------------------------------------------------------
Temperature (K) | H Result             | Practical H         
-----------------------------------------------------------------
100,00          | 3,2890               | 5,4950              
200,00          | 6,6220               | 8,9726              
298,15          | 9,9080               | 10,8340             
300,00          | 9,9670               | 12,3782             
400,00          | 13,3740              | 15,8299             
500,00          | 16,8310              | 19,3911             
600,00          | 20,3980              | 23,0729             
700,00          | 24,0920              | 26,8781             
800,00          | 27,9200              | 30,8059             
900,00          | 31,8800              | 34,8540             
1000,00         | 35,9710              | 39,0191             
1100,00         | 40,1870              | 43,2979             
1200,00         | 44,5250              | 47,6867             
1300,00         | 48,9850              | 52,1814             
1400,00         | 53,5450              | 56,7786             
1500,00         | 58,2050              | 61,4741             
1600,00         | 62,9520              | 66,2644             
1700,00         | 67,7780              | 71,1455             
1800,00         | 72,6720              | 78,5101             
2000,00         | 82,9700              | 86,3008             
2100,00         | 88,1670              | 91,5103             
2200,00         | 93,4360              | 96,7934             
2300,00         | 98,7820              | 102,1458            
2400,00         | 104,1710             | 107,5665            
2500,00         | 109,6690             | 113,0477            
2600,00         | 115,1440             | 118,5925            
2700,00         | 120,7110             | 124,1948            
2800,00         | 126,3710             | 129,8482            
2900,00         | 131,9910             | 135,5570            
3000,00         | 137,6970             | 141,3136            
3100,00         | 143,4450             | 147,1164            
3200,00         | 149,2310             | 152,9630            
3300,00         | 155,0530             | 158,8509            
3400,00         | 160,9120             | 164,7774            
3500,00         | 166,7990             | 170,7405            
3600,00         | 172,7190             | 176,7378            
3700,00         | 178,6680             | 182,7672            
3800,00         | 184,6460             | 188,8264            
3900,00         | 190,6500             | 194,9136            
4000,00         | 196,6800             | 201,0269            
4100,00         | 202,7350             | 207,1642            
4200,00         | 208,8140             | 213,3240            
4300,00         | 214,9170             | 219,5046            
4400,00         | 221,0440             | 225,7045            
4500,00         | 227,1980             | 231,9220            
4600,00         | 233,3780             | 238,1548            
4700,00         | 239,5640             | 244,4041            
4800,00         | 245,7900             | 250,6657            
4900,00         | 252,0290             | 256,9406            
5000,00         | 258,2980             | 263,2266            
5100,00         | 264,5920             | 269,5228            
5200,00         | 270,9090             | 275,8291            
5300,00         | 277,2610             | 282,1422            
5400,00         | 283,6130             | 288,4578            
5500,00         | 289,8680             | 294,7909            
5600,00         | 296,2170             | 301,1308            
5700,00         | 302,6630             | 307,4768            
5800,00         | 309,2050             | 313,8148            
5900,00         | 315,6070             | 320,1718            
6000,00         | 322,1030             | 329,6578            
6200,00         | 335,1360             | 342,3928            
6400,00         | 348,2160             | 355,1465            
6600,00         | 361,3320             | 367,9203            
6800,00         | 374,4760             | 380,7167            
7000,00         | 387,6360             | 393,5399            
7200,00         | 400,8030             | 406,3949            
7400,00         | 413,9680             | 419,2886            
7600,00         | 427,1210             | 432,2291            
7800,00         | 440,2640             | 445,2245            
8000,00         | 453,3620             | 458,2876            
8200,00         | 466,4340             | 471,4288            
8400,00         | 479,4650             | 484,6620            
8600,00         | 492,4500             | 498,0018            
8800,00         | 505,3840             | 511,4643            
9000,00         | 518,2620             | 525,0668            
9200,00         | 531,0820             | 538,8280            
9400,00         | 543,8390             | 552,7676            
9600,00         | 556,5230             | 566,9094            
9800,00         | 569,1740             | 581,2720            
10000,00        | 581,7460             | 606,8261            
-----------------------------------------------------------------
