                    G                    
-----------------------------------------------------------------
Temperature (K) | Practical G          
-----------------------------------------------------------------
100,00          | -7733,1162           
200,00          | -17728,0450          
298,15          | -28598,4319          
300,00          | -28810,6118          
400,00          | -40599,5034          
500,00          | -52913,6159          
600,00          | -65646,2778          
700,00          | -78727,0034          
800,00          | -92105,6983          
900,00          | -105744,9033         
1000,00         | -119615,5463         
1100,00         | -133694,3999         
1200,00         | -147962,4792         
1300,00         | -162403,9784         
1400,00         | -177005,5277         
1500,00         | -191755,6762         
1600,00         | -206644,5007         
1700,00         | -221663,3211         
1800,00         | -236804,4831         
1900,00         | -252061,1805         
2000,00         | -267427,3286         
2100,00         | -282897,4490         
2200,00         | -298466,5857         
2300,00         | -314130,2366         
2400,00         | -329884,2877         
2500,00         | -345724,9720         
2600,00         | -361648,8212         
2700,00         | -377652,6342         
2800,00         | -393733,4497         
2900,00         | -409888,5146         
3000,00         | -426115,2695         
3100,00         | -442411,3227         
3200,00         | -458774,4372         
3300,00         | -475202,5186         
3400,00         | -491693,5956         
3500,00         | -508245,8168         
3600,00         | -524857,4339         
3700,00         | -541526,7957         
3800,00         | -558252,3430         
3900,00         | -575032,5951         
4000,00         | -591866,1510         
4100,00         | -608751,6768         
4200,00         | -625687,9040         
4300,00         | -642673,6270         
4400,00         | -659707,6927         
4500,00         | -676789,0043         
4600,00         | -693916,5108         
4700,00         | -711089,2068         
4800,00         | -728306,1328         
4900,00         | -745566,3663         
5000,00         | -762869,0224         
5100,00         | -780213,2545         
5200,00         | -797598,2456         
5300,00         | -815023,2136         
5400,00         | -832487,4034         
5500,00         | -849990,0875         
5600,00         | -867530,5681         
5700,00         | -885108,1682         
5800,00         | -902722,2385         
5900,00         | -920372,1494         
6000,00         | -938057,2924         
6200,00         | -973530,9489         
6400,00         | -1009138,7369        
6600,00         | -1044876,4618        
6800,00         | -1080740,1864        
7000,00         | -1116726,2041        
7200,00         | -1152831,0201        
7400,00         | -1189051,3350        
7600,00         | -1225384,0246        
7800,00         | -1261826,1322        
8000,00         | -1298374,8517        
8200,00         | -1335027,5174        
8400,00         | -1371781,5945        
8600,00         | -1408634,6660        
8800,00         | -1445584,4302        
9000,00         | -1482628,6891        
9200,00         | -1519765,3422        
9400,00         | -1556992,3804        
9600,00         | -1594307,8810        
9800,00         | -1631709,9984        
10000,00        | -1669196,9653        
-----------------------------------------------------------------
                    Cp                    
-----------------------------------------------------------------
Temperature (K) | Cp Result            | Practical Cp        
-----------------------------------------------------------------
100,00          | 20,7860              | 21,6070             
200,00          | 20,7860              | 16,8313             
298,15          | 20,7860              | 21,3355             
300,00          | 20,7860              | 30,0442             
400,00          | 20,7860              | 20,9682             
500,00          | 20,7860              | 20,9056             
600,00          | 20,7860              | 20,8708             
700,00          | 20,7860              | 20,8493             
800,00          | 20,7860              | 20,8351             
900,00          | 20,7860              | 20,8252             
1000,00         | 20,7860              | 20,8179             
1100,00         | 20,7860              | 20,8126             
1200,00         | 20,7860              | 20,8085             
1300,00         | 20,7860              | 20,8052             
1400,00         | 20,7860              | 20,8026             
1500,00         | 20,7860              | 20,8004             
1600,00         | 20,7860              | 20,7987             
1700,00         | 20,7860              | 20,7972             
1800,00         | 20,7860              | 20,7960             
1900,00         | 20,7860              | 20,7950             
2000,00         | 20,7860              | 20,7939             
2100,00         | 20,7860              | 20,7933             
2200,00         | 20,7860              | 20,7926             
2300,00         | 20,7860              | 20,7920             
2400,00         | 20,7860              | 20,7916             
2500,00         | 20,7860              | 20,7909             
2600,00         | 20,7860              | 20,7906             
2700,00         | 20,7860              | 20,7903             
2800,00         | 20,7860              | 20,7900             
2900,00         | 20,7860              | 20,7898             
3000,00         | 20,7860              | 20,7893             
3100,00         | 20,7860              | 20,7892             
3200,00         | 20,7860              | 20,7890             
3300,00         | 20,7860              | 20,7888             
3400,00         | 20,7860              | 20,7888             
3500,00         | 20,7860              | 20,7883             
3600,00         | 20,7860              | 20,7884             
3700,00         | 20,7860              | 20,7882             
3800,00         | 20,7860              | 20,7881             
3900,00         | 20,7860              | 20,7882             
4000,00         | 20,7860              | 20,7878             
4100,00         | 20,7860              | 20,7879             
4200,00         | 20,7860              | 20,7878             
4300,00         | 20,7860              | 20,7878             
4400,00         | 20,7860              | 20,7879             
4500,00         | 20,7860              | 20,7874             
4600,00         | 20,7860              | 20,7876             
4700,00         | 20,7860              | 20,7878             
4800,00         | 20,7860              | 20,7873             
4900,00         | 20,7860              | 20,7876             
5000,00         | 20,7860              | 20,7875             
5100,00         | 20,7860              | 20,7875             
5200,00         | 20,7860              | 20,7878             
5300,00         | 20,7860              | 20,7872             
5400,00         | 20,7860              | 20,7875             
5500,00         | 20,7860              | 20,7875             
5600,00         | 20,7860              | 20,7875             
5700,00         | 20,7860              | 20,7878             
5800,00         | 20,7860              | 20,7872             
5900,00         | 20,7860              | 25,8990             
6000,00         | 20,7860              | 24,1973             
6200,00         | 20,7860              | 20,7901             
6400,00         | 20,7860              | 20,7899             
6600,00         | 20,7860              | 20,7899             
6800,00         | 20,7860              | 20,7898             
7000,00         | 20,7860              | 20,7898             
7200,00         | 20,7860              | 20,7896             
7400,00         | 20,7860              | 20,7894             
7600,00         | 20,7860              | 20,7894             
7800,00         | 20,7860              | 20,7893             
8000,00         | 20,7860              | 20,7893             
8200,00         | 20,7860              | 20,7891             
8400,00         | 20,7860              | 20,7889             
8600,00         | 20,7860              | 20,7889             
8800,00         | 20,7860              | 20,7888             
9000,00         | 20,7860              | 20,7886             
9200,00         | 20,7860              | 20,7886             
9400,00         | 20,7860              | 20,7884             
9600,00         | 20,7860              | 20,7881             
9800,00         | 20,7860              | 28,4060             
10000,00        | 20,7860              | 25,1454             
-----------------------------------------------------------------
                    Phi                    
-----------------------------------------------------------------
Temperature (K) | Phi Result           | Practical Phi       
-----------------------------------------------------------------
100,00          | 71,1140              | 71,1140             
200,00          | 85,5210              | 85,5212             
298,15          | 93,8210              | 93,8205             
300,00          | 93,9490              | 93,9491             
400,00          | 99,9290              | 99,9289             
500,00          | 104,5670             | 104,5672            
600,00          | 108,3570             | 108,3569            
700,00          | 111,5610             | 111,5612            
800,00          | 114,3370             | 114,3368            
900,00          | 116,7850             | 116,7851            
1000,00         | 118,9750             | 118,9751            
1100,00         | 120,9560             | 120,9563            
1200,00         | 122,7650             | 122,7649            
1300,00         | 124,4290             | 124,4287            
1400,00         | 125,9690             | 125,9691            
1500,00         | 127,4030             | 127,4032            
1600,00         | 128,7450             | 128,7448            
1700,00         | 130,0050             | 130,0049            
1800,00         | 131,1930             | 131,1930            
1900,00         | 132,3170             | 132,3169            
2000,00         | 133,3830             | 133,3831            
2100,00         | 134,3970             | 134,3972            
2200,00         | 135,3640             | 135,3642            
2300,00         | 136,2880             | 136,2882            
2400,00         | 137,1730             | 137,1728            
2500,00         | 138,0210             | 138,0213            
2600,00         | 138,8370             | 138,8366            
2700,00         | 139,6210             | 139,6211            
2800,00         | 140,3770             | 140,3770            
2900,00         | 141,1060             | 141,1064            
3000,00         | 141,8110             | 141,8111            
3100,00         | 142,4930             | 142,4927            
3200,00         | 143,1530             | 143,1526            
3300,00         | 143,7920             | 143,7922            
3400,00         | 144,4130             | 144,4127            
3500,00         | 145,0150             | 145,0153            
3600,00         | 145,6010             | 145,6008            
3700,00         | 146,1700             | 146,1703            
3800,00         | 146,7250             | 146,7247            
3900,00         | 147,2650             | 147,2646            
4000,00         | 147,7910             | 147,7908            
4100,00         | 148,3040             | 148,3041            
4200,00         | 148,8050             | 148,8050            
4300,00         | 149,2940             | 149,2941            
4400,00         | 149,7720             | 149,7720            
4500,00         | 150,2390             | 150,2391            
4600,00         | 150,6960             | 150,6959            
4700,00         | 151,1430             | 151,1430            
4800,00         | 151,5810             | 151,5806            
4900,00         | 152,0090             | 152,0092            
5000,00         | 152,4290             | 152,4291            
5100,00         | 152,8410             | 152,8407            
5200,00         | 153,2440             | 153,2443            
5300,00         | 153,6400             | 153,6403            
5400,00         | 154,0290             | 154,0288            
5500,00         | 154,4100             | 154,4102            
5600,00         | 154,7850             | 154,7847            
5700,00         | 155,1530             | 155,1526            
5800,00         | 155,5140             | 155,5141            
5900,00         | 155,8690             | 155,8695            
6000,00         | 156,2190             | 156,2188            
6200,00         | 156,9000             | 156,9004            
6400,00         | 157,5600             | 157,5603            
6600,00         | 158,2000             | 158,1999            
6800,00         | 158,8200             | 158,8205            
7000,00         | 159,4230             | 159,4230            
7200,00         | 160,0090             | 160,0086            
7400,00         | 160,5780             | 160,5781            
7600,00         | 161,1320             | 161,1324            
7800,00         | 161,6720             | 161,6724            
8000,00         | 162,1990             | 162,1986            
8200,00         | 162,7120             | 162,7119            
8400,00         | 163,2130             | 163,2128            
8600,00         | 163,7020             | 163,7019            
8800,00         | 164,1800             | 164,1798            
9000,00         | 164,6470             | 164,6469            
9200,00         | 165,1040             | 165,1037            
9400,00         | 165,5510             | 165,5508            
9600,00         | 165,9880             | 165,9884            
9800,00         | 166,4170             | 166,4170            
10000,00        | 166,8370             | 166,8369            
-----------------------------------------------------------------
                    S                    
-----------------------------------------------------------------
Temperature (K) | S Result             | Practical S         
-----------------------------------------------------------------
100,00          | 91,9000              | 99,9493             
200,00          | 106,3070             | 110,7528            
298,15          | 114,6040             | 114,6919            
300,00          | 114,7350             | 117,8889            
400,00          | 120,7150             | 123,1411            
500,00          | 125,3530             | 127,3266            
600,00          | 129,1430             | 130,8073            
700,00          | 132,3470             | 133,7869            
800,00          | 135,1230             | 136,3921            
900,00          | 137,5710             | 138,7064            
1000,00         | 139,7610             | 140,7885            
1100,00         | 141,7420             | 142,6808            
1200,00         | 143,5510             | 144,4150            
1300,00         | 145,2150             | 146,0155            
1400,00         | 146,7550             | 147,5015            
1500,00         | 148,1890             | 148,8882            
1600,00         | 149,5310             | 150,1882            
1700,00         | 150,7910             | 151,4116            
1800,00         | 151,9790             | 152,5670            
1900,00         | 153,1030             | 153,6615            
2000,00         | 154,1690             | 154,7012            
2100,00         | 155,1830             | 155,6914            
2200,00         | 156,1500             | 156,6365            
2300,00         | 157,0740             | 157,5405            
2400,00         | 157,9590             | 158,4068            
2500,00         | 158,8070             | 159,2385            
2600,00         | 159,6230             | 160,0381            
2700,00         | 160,4070             | 160,8082            
2800,00         | 161,1630             | 161,5506            
2900,00         | 161,8920             | 162,2675            
3000,00         | 162,5970             | 162,9605            
3100,00         | 163,2790             | 163,6311            
3200,00         | 163,9390             | 164,2808            
3300,00         | 164,5780             | 164,9108            
3400,00         | 165,1990             | 165,5222            
3500,00         | 165,8010             | 166,1162            
3600,00         | 166,3870             | 166,6936            
3700,00         | 166,9560             | 167,2555            
3800,00         | 167,5110             | 167,8025            
3900,00         | 168,0500             | 168,3356            
4000,00         | 168,5770             | 168,8553            
4100,00         | 169,0900             | 169,3623            
4200,00         | 169,5910             | 169,8572            
4300,00         | 170,0800             | 170,3407            
4400,00         | 170,5580             | 170,8131            
4500,00         | 171,0250             | 171,2751            
4600,00         | 171,4820             | 171,7270            
4700,00         | 171,9290             | 172,1693            
4800,00         | 172,3660             | 172,6023            
4900,00         | 172,7950             | 173,0266            
5000,00         | 173,2150             | 173,4423            
5100,00         | 173,6270             | 173,8499            
5200,00         | 174,0300             | 174,2497            
5300,00         | 174,4260             | 174,6419            
5400,00         | 174,8150             | 175,0268            
5500,00         | 175,1960             | 175,4048            
5600,00         | 175,5710             | 175,7760            
5700,00         | 175,9390             | 176,1407            
5800,00         | 176,3000             | 176,4991            
5900,00         | 176,6550             | 176,8514            
6000,00         | 177,0050             | 177,3683            
6200,00         | 177,6860             | 178,0389            
6400,00         | 178,3460             | 178,6886            
6600,00         | 178,9860             | 179,3186            
6800,00         | 179,6060             | 179,9301            
7000,00         | 180,2090             | 180,5241            
7200,00         | 180,7940             | 181,1016            
7400,00         | 181,3640             | 181,6634            
7600,00         | 181,9180             | 182,2105            
7800,00         | 182,4580             | 182,7436            
8000,00         | 182,9840             | 183,2633            
8200,00         | 183,4980             | 183,7704            
8400,00         | 183,9990             | 184,2654            
8600,00         | 184,4980             | 184,7488            
8800,00         | 184,9660             | 185,2213            
9000,00         | 185,4330             | 185,6833            
9200,00         | 185,8900             | 186,1352            
9400,00         | 186,3370             | 186,5775            
9600,00         | 186,7740             | 187,0106            
9800,00         | 187,2040             | 187,4348            
10000,00        | 187,6230             | 188,1553            
-----------------------------------------------------------------
                    H                    
-----------------------------------------------------------------
Temperature (K) | H Result             | Practical H         
-----------------------------------------------------------------
100,00          | 2,0790               | 2,2618              
200,00          | 4,1570               | 4,4225              
298,15          | 6,1970               | 5,5969              
300,00          | 6,2360               | 6,5561              
400,00          | 8,3140               | 8,6569              
500,00          | 10,3930              | 10,7497             
600,00          | 12,4720              | 12,8381             
700,00          | 14,5500              | 14,9239             
800,00          | 16,6290              | 17,0079             
900,00          | 18,7070              | 19,0909             
1000,00         | 20,7860              | 21,1730             
1100,00         | 22,8650              | 23,2545             
1200,00         | 24,9430              | 25,3355             
1300,00         | 27,0220              | 27,4162             
1400,00         | 29,1000              | 29,4966             
1500,00         | 31,1790              | 31,5767             
1600,00         | 33,2580              | 33,6566             
1700,00         | 35,3360              | 35,7364             
1800,00         | 37,4150              | 37,8161             
1900,00         | 39,4930              | 39,8956             
2000,00         | 41,5720              | 41,9751             
2100,00         | 43,6510              | 44,0544             
2200,00         | 45,7290              | 46,1337             
2300,00         | 47,8080              | 48,2129             
2400,00         | 49,8860              | 50,2921             
2500,00         | 51,9650              | 52,3713             
2600,00         | 54,0440              | 54,4503             
2700,00         | 56,1220              | 56,5294             
2800,00         | 58,2010              | 58,6084             
2900,00         | 60,2790              | 60,6874             
3000,00         | 62,3580              | 62,7663             
3100,00         | 64,4370              | 64,8452             
3200,00         | 66,5150              | 66,9242             
3300,00         | 68,5940              | 69,0030             
3400,00         | 70,6720              | 71,0819             
3500,00         | 72,7510              | 73,1608             
3600,00         | 74,8300              | 75,2396             
3700,00         | 76,9080              | 77,3185             
3800,00         | 78,9870              | 79,3972             
3900,00         | 81,0650              | 81,4761             
4000,00         | 83,1440              | 83,5549             
4100,00         | 85,2230              | 85,6336             
4200,00         | 87,3010              | 87,7125             
4300,00         | 89,3800              | 89,7912             
4400,00         | 91,4580              | 91,8700             
4500,00         | 93,5370              | 93,9488             
4600,00         | 95,6160              | 96,0275             
4700,00         | 97,6940              | 98,1063             
4800,00         | 99,7730              | 100,1851            
4900,00         | 101,8520             | 102,2638            
5000,00         | 103,9300             | 104,3426            
5100,00         | 106,0090             | 106,4213            
5200,00         | 108,0870             | 108,5001            
5300,00         | 110,1660             | 110,5788            
5400,00         | 112,2450             | 112,6575            
5500,00         | 114,3230             | 114,7363            
5600,00         | 116,4020             | 116,8150            
5700,00         | 118,4800             | 118,8938            
5800,00         | 120,5590             | 120,9726            
5900,00         | 122,6380             | 123,0513            
6000,00         | 124,7160             | 126,1524            
6200,00         | 128,8730             | 130,3105            
6400,00         | 133,0310             | 134,4685            
6600,00         | 137,1880             | 138,6265            
6800,00         | 141,3450             | 142,7844            
7000,00         | 145,5020             | 146,9424            
7200,00         | 149,6590             | 151,1003            
7400,00         | 153,8170             | 155,2582            
7600,00         | 157,9740             | 159,4161            
7800,00         | 162,1310             | 163,5739            
8000,00         | 166,2880             | 167,7318            
8200,00         | 170,4450             | 171,8896            
8400,00         | 174,6030             | 176,0474            
8600,00         | 178,7600             | 180,2052            
8800,00         | 182,9170             | 184,3630            
9000,00         | 187,0740             | 188,5207            
9200,00         | 191,2310             | 192,6784            
9400,00         | 195,3880             | 196,8361            
9600,00         | 199,5460             | 200,9938            
9800,00         | 203,7030             | 205,1514            
10000,00        | 207,8600             | 212,3561            
-----------------------------------------------------------------
